0,8.8776
0.1,8.1226
0.2,8.4072
0.3,10.839
0.4,9.1736
0.5,9.114
0.6,9.3829
0.7,9.4203
0.8,10.159
0.9,8.5823
1,8.6143
1.1,9.2648
1.2,8.6157
1.3,10.285
1.4,8.1939
1.5,9.8117
1.6,7.7958
1.7,9.0292
1.8,8.9794
1.9,9.8496
2,8.6912
2.1,10.093
2.2,7.96
2.3,8.5812
2.4,8.1482
2.5,8.981
2.6,9.4873
2.7,8.1332
2.8,10.402
2.9,9.5106
3,9.3013
3.1,8.2471
3.2,8.9852
3.3,8.7625
3.4,8.294
3.5,10.323
3.6,8.2265
3.7,8.147
3.8,7.9714
3.9,9.3376
4,9.2797
4.1,9.009
4.2,9.416
4.3,9.2067
4.4,9.5149
4.5,9.648
4.6,8.0835
4.7,10.556
4.8,8.5747
4.9,9.6802
5,9.5164
5.1,7.4641
5.2,8.7518
5.3,8.7528
5.4,8.2488
5.5,9.2151
5.6,7.7772
5.7,8.5765
5.8,8.0736
5.9,10.673
6,8.1038
6.1,9.8727
6.2,9.7817
6.3,10.182
6.4,10.208
6.5,9.3982
6.6,8.8224
6.7,7.6685
6.8,9.12
6.9,10.177
7,7.9215
7.1,8.7803
7.2,9.2831
7.3,9.1631
7.4,7.9433
7.5,8.746
7.6,7.5797
7.7,8.3074
7.8,10.092
7.9,8.7924
8,9.9581
8.1,9.4225
8.2,9.4109
8.3,8.6029
8.4,9.6489
8.5,8.5461
8.6,8.743
8.7,8.2122
8.8,9.6974
8.9,8.8222
9,9.8823
9.1,8.5053
9.2,9.898
9.3,8.696
9.4,7.9237
9.5,9.0315
9.6,9.6986
9.7,9.566
9.8,8.2339
9.9,10.251
10,9.6979
10.1,8.0376
10.2,9.0389
10.3,9.2397
10.4,8.193
10.5,9.2534
10.6,9.4473
10.7,8.7666
10.8,9.0539
10.9,9.3058
11,8.2152
11.1,9.6883
11.2,9.7154
11.3,9.3188
11.4,8.3855
11.5,9.6062
11.6,7.5365
11.7,8.8555
11.8,9.4415
11.9,8.1465
12,10.282
12.1,9.7035
12.2,9.4094
12.3,9.8488
12.4,10.521
12.5,9.979
12.6,8.3176
12.7,10.223
12.8,8.9921
12.9,8.57
13,8.7339
13.1,9.3592
13.2,8.0282
13.3,9.0973
13.4,9.7145
13.5,9.1464
13.6,8.9271
13.7,8.862
13.8,8.904
13.9,9.5553
14,10.284
14.1,9.0369
14.2,8.2672
14.3,9.026
14.4,9.2731
14.5,9.6692
14.6,9.257
14.7,10.029
14.8,9.8765
14.9,9.096
15,8.5473
15.1,7.7336
15.2,7.74
15.3,8.1321
15.4,9.7374
15.5,8.995
15.6,8.22
15.7,9.736
15.8,9.2737
15.9,7.8906
16,10.157
16.1,8.0684
16.2,8.4551
16.3,7.894
16.4,9.4505
16.5,7.9298
16.6,9.1198
16.7,9.0452
16.8,9.4532
16.9,10.075
17,10.407
17.1,8.2289
17.2,9.5896
17.3,7.6426
17.4,10.012
17.5,9.8275
17.6,7.91
17.7,8.9251
17.8,7.8826
17.9,8.223
18,9.0592
18.1,9.9211
18.2,8.1839
18.3,9.0957
18.4,9.6239
18.5,10.283
18.6,9.9445
18.7,9.4067
18.8,9.6181
18.9,8.8743
19,8.5299
19.1,8.3754
19.2,9.3753
19.3,9.3015
19.4,7.286
19.5,9.1073
19.6,10.643
19.7,9.9766
19.8,9.1074
19.9,8.691
20,10.656
20.1,9.0861
20.2,9.8305
20.3,8.4548
20.4,8.5351
20.5,8.661
20.6,9.4786
20.7,9.1669
20.8,8.5366
20.9,9.7758
21,7.9959
21.1,9.8951
21.2,9.5732
21.3,8.8595
21.4,9.5302
21.5,9.0212
21.6,8.5666
21.7,9.6493
21.8,8.481
21.9,10.097
22,8.5307
22.1,9.9236
22.2,9.2345
22.3,8.3924
22.4,9.0158
22.5,10.381
22.6,9.4904
22.7,9.2455
22.8,8.1063
22.9,9.5522
23,8.8399
23.1,8.7385
23.2,8.8691
23.3,8.6729
23.4,9.9464
23.5,8.5913
23.6,9.0781
23.7,8.4561
23.8,10.438
23.9,9.8156
24,9.6008
24.1,10.088
24.2,7.8775
24.3,9.3391
24.4,9.7916
24.5,8.7012
24.6,9.151
24.7,8.9203
24.8,10.363
24.9,8.4746
25,10.131
25.1,7.7335
25.2,9.0176
25.3,7.7815
25.4,8.4812
25.5,8.8207
25.6,10.191
25.7,9.7065
25.8,8.1538
25.9,7.9707
26,7.764
26.1,8.6897
26.2,8.6088
26.3,9.4605
26.4,9.7644
26.5,9.8213
26.6,9.1202
26.7,9.7323
26.8,8.9778
26.9,9.0454
27,8.4995
27.1,8.927
27.2,9.6074
27.3,8.4235
27.4,9.0059
27.5,9.1517
27.6,8.5129
27.7,8.262
27.8,8.6483
27.9,8.337
28,9.073
28.1,8.3484
28.2,7.7572
28.3,8.9673
28.4,8.3525
28.5,9.1438
28.6,8.043
28.7,8.9061
28.8,9.7186
28.9,9.3724
29,9.0075
29.1,8.0052
29.2,8.691
29.3,8.0774
29.4,9.3096
29.5,9.003
29.6,8.4185
29.7,8.7552
29.8,9.412
29.9,8.915
30,9.4085
30.1,9.31
30.2,9.0375
30.3,8.883
30.4,8.1729
30.5,9.1452
30.6,8.8991
30.7,7.4778
30.8,8.5283
30.9,8.5457
31,8.7951
31.1,9.0084
31.2,9.5867
31.3,8.7933
31.4,10.893
31.5,8.7113
31.6,8.5111
31.7,9.5369
31.8,8.3487
31.9,7.8644
32,8.4629
32.1,10.408
32.2,8.9623
32.3,9.4358
32.4,9.9865
32.5,9.3029
32.6,9.3098
32.7,8.8936
32.8,9.1564
32.9,8.4727
33,9.6214
33.1,8.8762
33.2,9.8121
33.3,9.362
33.4,8.744
33.5,8.7297
33.6,9.9446
33.7,9.3289
33.8,7.6874
33.9,7.5495
34,9.7901
34.1,9.0405
34.2,9.9333
34.3,9.4895
34.4,8.3743
34.5,8.201
34.6,8.1535
34.7,8.209
34.8,8.1223
34.9,7.8082
35,8.6439
35.1,8.9275
35.2,9.7328
35.3,8.257
35.4,8.6515
35.5,8.7336
35.6,9.2959
35.7,8.7282
35.8,9.7054
35.9,9.0783
36,9.289
36.1,8.9339
36.2,9.0163
36.3,9.0229
36.4,9.8091
36.5,8.5586
36.6,9.5499
36.7,8.2015
36.8,9.1722
36.9,8.5326
37,9.2575
37.1,8.7261
37.2,8.9161
37.3,7.4343
37.4,9.0853
37.5,9.6095
37.6,9.1235
37.7,8.799
37.8,10.08
37.9,10.149
38,8.0192
38.1,8.475
38.2,8.277
38.3,9.6882
38.4,8.1406
38.5,10.191
38.6,9.1525
38.7,9.8833
38.8,10.036
38.9,10.011
39,9.0349
39.1,8.4033
39.2,7.6549
39.3,8.5737
39.4,9.967
39.5,9.0656
39.6,7.9956
39.7,8.0736
39.8,7.7291
39.9,9.3878
40,9.336
40.1,8.1515
40.2,7.9501
40.3,9.6321
40.4,9.4682
40.5,8.9661
40.6,8.4469
40.7,9.6778
40.8,8.9419
40.9,10.161
41,9.9478
41.1,10.31
41.2,10.814
41.3,7.9832
41.4,8.5752
41.5,10.16
41.6,9.468
41.7,7.8823
41.8,9.0385
41.9,8.7235
42,9.186
42.1,8.3867
42.2,9.2003
42.3,8.079
42.4,9.5289
42.5,9.8506
42.6,9.106
42.7,8.4427
42.8,7.0741
42.9,9.0472
43,8.4222
43.1,9.4309
43.2,8.6744
43.3,7.7242
43.4,9.4022
43.5,9.1689
43.6,8.7536
43.7,8.7223
43.8,9.1459
43.9,10.14
44,10.73
44.1,10.042
44.2,7.563
44.3,8.6232
44.4,8.8056
44.5,9.0612
44.6,10.168
44.7,8.6777
44.8,7.9669
44.9,8.5435
45,8.9076
45.1,8.528
45.2,8.0475
45.3,8.5966
45.4,7.7319
45.5,7.6644
45.6,8.4573
45.7,8.529
45.8,7.9178
45.9,9.2255
46,8.8267
46.1,8.7967
46.2,8.5809
46.3,8.2643
46.4,9.7732
46.5,8.4049
46.6,7.7575
46.7,8.5107
46.8,8.2375
46.9,9.6712
47,7.5682
47.1,8.8994
47.2,8.7262
47.3,9.9068
47.4,8.4639
47.5,9.8606
47.6,9.0938
47.7,8.4262
47.8,9.6299
47.9,8.8894
48,9.0277
48.1,9.3486
48.2,8.2894
48.3,7.6331
48.4,8.4967
48.5,8.1836
48.6,7.981
48.7,8.4234
48.8,10.064
48.9,7.9026
49,8.0024
49.1,8.2063
49.2,8.793
49.3,8.5422
49.4,9.0988
49.5,8.9275
49.6,8.7286
49.7,10.379
49.8,9.8514
49.9,7.7105
50,8.3136
50.1,9.2497
50.2,7.5876
50.3,9.481
50.4,8.7583
50.5,8.552
50.6,8.942
50.7,9.0464
50.8,10.519
50.9,7.9165
51,9.7288
51.1,8.7268
51.2,8.9706
51.3,9.0696
51.4,9.5158
51.5,9.2424
51.6,9.7194
51.7,9.3768
51.8,9.6683
51.9,8.7515
52,8.5865
52.1,9.2298
52.2,9.6205
52.3,8.7845
52.4,9.1008
52.5,10.069
52.6,9.5335
52.7,8.4312
52.8,8.8852
52.9,9.4976
53,8.0513
53.1,9.0649
53.2,9.6139
53.3,7.904
53.4,7.9054
53.5,9.5271
53.6,9.1998
53.7,6.9604
53.8,8.414
53.9,8.6018
54,8.4886
54.1,10.745
54.2,8.9728
54.3,8.8307
54.4,9.5618
54.5,8.9873
54.6,7.9779
54.7,9.0773
54.8,8.9495
54.9,10.514
55,8.739
55.1,9.5964
55.2,9.4452
55.3,9.0224
55.4,9.519
55.5,9.6059
55.6,9.0346
55.7,9.2347
55.8,8.7625
55.9,9.7269
56,8.7691
56.1,9.2391
56.2,8.3784
56.3,8.2527
56.4,8.0448
56.5,8.436
56.6,9.8093
56.7,7.6605
56.8,7.8048
56.9,10.333
57,9.5245
57.1,8.8047
57.2,8.1616
57.3,10.032
57.4,8.0414
57.5,7.0374
57.6,7.9392
57.7,9.3896
57.8,9.0818
57.9,9.3787
58,9.146
58.1,10.457
58.2,7.6882
58.3,9.3155
58.4,8.7108
58.5,8.5158
58.6,9.3157
58.7,9.366
58.8,8.972
58.9,9.3115
59,9.8424
59.1,7.9752
59.2,9.4849
59.3,9.8482
59.4,8.4744
59.5,8.045
59.6,8.2635
59.7,9.0531
59.8,9.2261
59.9,8.314
60,8.1503
60.1,9.4848
60.2,8.1743
60.3,9.0232
60.4,8.8453
60.5,8.425
60.6,8.6026
60.7,8.4324
60.8,8.6466
60.9,8.3129
61,8.7677
61.1,10.05
61.2,9.4327
61.3,8.4281
61.4,8.1933
61.5,8.8533
61.6,9.4812
61.7,8.2916
61.8,7.5725
61.9,8.808
62,7.824
62.1,9.367
62.2,8.1652
62.3,9.7297
62.4,10.237
62.5,7.66
62.6,9.4401
62.7,7.7554
62.8,8.9394
62.9,10.17
63,9.9443
63.1,8.5128
63.2,9.6349
63.3,8.1084
63.4,7.274
63.5,9.743
63.6,9.1291
63.7,9.9917
63.8,8.8243
63.9,9.5032
64,8.2849
64.1,8.9207
64.2,9.2415
64.3,10.899
64.4,8.4863
64.5,9.7641
64.6,8.315
64.7,8.6923
64.8,7.3256
64.9,9.5026
65,7.6576
65.1,8.8195
65.2,8.869
65.3,9.9114
65.4,9.4272
65.5,9.7819
65.6,8.6705
65.7,8.8296
65.8,9.7451
65.9,8.8155
66,9.0133
66.1,8.1553
66.2,8.6768
66.3,8.639
66.4,9.6743
66.5,10.327
66.6,9.7154
66.7,8.6976
66.8,9.5615
66.9,7.7399
67,8.5084
67.1,8.9433
67.2,9.3733
67.3,8.6336
67.4,10.19
67.5,9.3112
67.6,9.3713
67.7,9.6851
67.8,8.624
67.9,8.0154
68,8.1896
68.1,9.0078
68.2,8.2267
68.3,8.6853
68.4,7.2703
68.5,8.3245
68.6,9.377
68.7,9.7645
68.8,9.0758
68.9,8.8588
69,8.6491
69.1,9.7719
69.2,8.9917
69.3,9.5942
69.4,9.0344
69.5,8.7507
69.6,8.5879
69.7,9.1293
69.8,8.3373
69.9,9.3864
70,9.1759
70.1,9.9617
70.2,7.6421
70.3,10.164
70.4,9.6142
70.5,8.7387
70.6,9.0221
70.7,9.0674
70.8,9.8526
70.9,9.8492
71,9.566
71.1,10.047
71.2,9.2608
71.3,8.2029
71.4,9.3348
71.5,7.6832
71.6,8.854
71.7,9.1273
71.8,9.2878
71.9,8.9646
72,9.5744
72.1,9.2023
72.2,8.7231
72.3,8.7686
72.4,9.6193
72.5,8.7167
72.6,10.424
72.7,7.9843
72.8,8.1043
72.9,9.43
73,8.5439
73.1,9.1012
73.2,9.7346
73.3,8.8867
73.4,9.4078
73.5,8.8393
73.6,9.5501
73.7,7.9237
73.8,8.9966
73.9,8.6859
74,8.0582
74.1,7.3695
74.2,8.5611
74.3,9.3017
74.4,9.0781
74.5,9.822
74.6,8.8381
74.7,9.8824
74.8,9.0849
74.9,8.1483
75,7.9334
75.1,9.593
75.2,9.2255
75.3,9.3273
75.4,7.8388
75.5,8.7443
75.6,9.6156
75.7,8.6319
75.8,9.0485
75.9,9.3917
76,9.1567
76.1,8.9027
76.2,9.1245
76.3,8.7235
76.4,8.6903
76.5,7.5857
76.6,8.779
76.7,9.2399
76.8,9.2267
76.9,9.5431
77,8.1644
77.1,9.3406
77.2,9.1174
77.3,9.9398
77.4,10.015
77.5,8.4762
77.6,10.079
77.7,8.3803
77.8,9.8201
77.9,8.1128
78,7.6651
78.1,8.6229
78.2,9.2599
78.3,8.9926
78.4,8.5827
78.5,9.8767
78.6,8.9236
78.7,7.9648
78.8,8.9522
78.9,9.9452
79,9.1892
79.1,8.8456
79.2,8.3118
79.3,8.4327
79.4,9.1515
79.5,10.25
79.6,7.798
79.7,7.8315
79.8,8.6982
79.9,7.5215
80,8.4895
80.1,9.3538
80.2,10.57
80.3,7.9571
80.4,8.5689
80.5,8.4891
80.6,9.3608
80.7,10.174
80.8,9.3663
80.9,8.8451
81,9.6935
81.1,9.6117
81.2,8.7777
81.3,9.8927
81.4,9.322
81.5,9.3662
81.6,8.1201
81.7,8.8656
81.8,9.064
81.9,8.7065
82,8.4236
82.1,9.4902
82.2,10.193
82.3,9.6957
82.4,8.7993
82.5,9.8725
82.6,8.4843
82.7,9.5288
82.8,8.7575
82.9,9.0177
83,7.9253
83.1,8.8917
83.2,9.4874
83.3,8.0958
83.4,9.3705
83.5,8.9984
83.6,8.236
83.7,9.448
83.8,8.567
83.9,8.4904
84,8.4222
84.1,9.6162
84.2,9.71
84.3,10.121
84.4,8.8908
84.5,9.0452
84.6,9.7291
84.7,8.6361
84.8,8.4089
84.9,9.3485
85,9.3777
85.1,10.32
85.2,8.6463
85.3,9.5616
85.4,9.6166
85.5,10.238
85.6,9.3651
85.7,8.9841
85.8,10.19
85.9,9.2327
86,8.5353
86.1,9.6779
86.2,7.7605
86.3,8.7418
86.4,8.161
86.5,8.8638
86.6,9.283
86.7,8.4897
86.8,8.746
86.9,10.347
87,9.3245
87.1,8.5598
87.2,8.5545
87.3,8.8943
87.4,9.9565
87.5,8.9713
87.6,8.9154
87.7,8.5623
87.8,9.0866
87.9,7.8842
88,9.6183
88.1,8.9348
88.2,8.7521
88.3,8.2478
88.4,9.5543
88.5,9.7434
88.6,8.4027
88.7,9.2358
88.8,8.7786
88.9,8.3968
89,9.2449
89.1,9.4116
89.2,9.182
89.3,7.0565
89.4,9.1787
89.5,8.638
89.6,9.901
89.7,9.0756
89.8,8.9385
89.9,9.0241
90,7.9098
90.1,8.6996
90.2,8.4512
90.3,9.8263
90.4,9.6664
90.5,8.3549
90.6,8.4973
90.7,8.9716
90.8,9.9245
90.9,8.1215
91,10.344
91.1,8.3345
91.2,8.6453
91.3,9.4859
91.4,7.9306
91.5,7.7649
91.6,9.7004
91.7,9.7999
91.8,9.8388
91.9,7.176
92,9.3612
92.1,8.096
92.2,8.9864
92.3,7.6933
92.4,8.1984
92.5,9.8391
92.6,8.7083
92.7,9.7785
92.8,8.4135
92.9,7.5366
93,7.447
93.1,9.8424
93.2,9.7029
93.3,8.7077
93.4,9.226
93.5,8.5476
93.6,8.085
93.7,9.6737
93.8,7.7335
93.9,8.4831
94,8.8246
94.1,9.1321
94.2,7.8542
94.3,10.378
94.4,8.9628
94.5,8.725
94.6,7.7691
94.7,7.7633
94.8,9.0074
94.9,8.9493
95,9.451
95.1,8.3075
95.2,8.0678
95.3,8.3659
95.4,9.0565
95.5,8.207
95.6,8.3258
95.7,8.1772
95.8,9.3265
95.9,8.4931
96,8.7222
96.1,9.0781
96.2,11.211
96.3,8.6761
96.4,9.681
96.5,10.159
96.6,8.2511
96.7,9.16
96.8,9.2356
96.9,9.7205
97,8.8722
97.1,10.24
97.2,8.2048
97.3,8.9933
97.4,8.3937
97.5,9.4211
97.6,9.6788
97.7,8.6386
97.8,9.1553
97.9,8.8036
98,8.4788
98.1,9.575
98.2,8.7586
98.3,10.482
98.4,9.9354
98.5,8.2556
98.6,9.4669
98.7,8.1679
98.8,9.7799
98.9,7.9406
99,8.8426
99.1,9.6827
99.2,8.6271
99.3,8.852
99.4,8.962
99.5,10.208
99.6,8.8714
99.7,8.9296
99.8,8.1212
99.9,9.3621
100,-0.24334
100.1,-0.29476
100.2,0.11756
100.3,-0.959
100.4,-1.2397
100.5,-0.58552
100.6,1.0845
100.7,-0.99959
100.8,-0.59126
100.9,-0.93526
101,-0.13547
101.1,-0.26914
101.2,-1.3573
101.3,-0.40496
101.4,-0.8605
101.5,-0.64549
101.6,-0.92152
101.7,-2.0015
101.8,0.12753
101.9,-1.0893
102,-1.7644
102.1,-3.1552
102.2,-1.6608
102.3,-2.2696
102.4,-0.67902
102.5,-0.85734
102.6,-0.89008
102.7,-1.8822
102.8,-0.84001
102.9,-0.029481
103,-1.5905
103.1,-0.47792
103.2,-1.7472
103.3,-0.99122
103.4,-0.77156
103.5,-2.333
103.6,0.44597
103.7,-0.48886
103.8,-1.257
103.9,0.4037
104,-0.43908
104.1,-0.80146
104.2,-1.0055
104.3,-0.71745
104.4,-2.4686
104.5,-1.6027
104.6,-0.33462
104.7,-2.0195
104.8,-1.4722
104.9,-0.54119
105,-1.6835
105.1,-0.92003
105.2,-0.46153
105.3,0.33594
105.4,-1.4442
105.5,0.24824
105.6,-0.72687
105.7,-0.96612
105.8,-2.0027
105.9,-1.4176
106,-0.94414
106.1,-1.0061
106.2,-2.0039
106.3,-1.1916
106.4,-0.3403
106.5,-1.4173
106.6,-1.3216
106.7,-0.81016
106.8,-0.012277
106.9,-1.6039
107,-1.9564
107.1,-2.0946
107.2,-1.1899
107.3,-1.334
107.4,0.52803
107.5,-2.8857
107.6,-0.5471
107.7,-1.0628
107.8,-0.10325
107.9,-0.36136
108,-1.2719
108.1,0.84842
108.2,-0.27396
108.3,-0.46901
108.4,-1.1652
108.5,-2.3769
108.6,-1.4248
108.7,-2.5972
108.8,-0.15745
108.9,-1.2662
109,-1.7494
109.1,-1.3645
109.2,-1.9112
109.3,-2.4667
109.4,-2.3239
109.5,-1.6431
109.6,-1.5832
109.7,-0.858
109.8,-1.0512
109.9,0.17322
110,-1.1234
110.1,-2.4605
110.2,-1.596
110.3,-1.3084
110.4,-0.53411
110.5,-2.1886
110.6,-1.4938
110.7,-1.7396
110.8,-0.38549
110.9,-0.21207
111,-0.07692
111.1,-0.74685
111.2,-0.82529
111.3,-1.2804
111.4,-0.90825
111.5,-1.7103
111.6,-1.0751
111.7,-1.5683
111.8,0.20479
111.9,0.6311
112,-1.1972
112.1,-1.2894
112.2,-0.94114
112.3,-0.44951
112.4,-0.31008
112.5,-1.6305
112.6,-1.5311
112.7,-1.991
112.8,-1.0074
112.9,-1.6913
113,-1.1713
113.1,-1.1209
113.2,0.54387
113.3,-0.12866
113.4,-1.6534
113.5,-0.71448
113.6,-0.26694
113.7,-1.2518
113.8,-1.1771
113.9,-1.3341
114,-0.18304
114.1,-0.68271
114.2,-0.57832
114.3,-0.14502
114.4,-1.4416
114.5,-0.91621
114.6,-2.7636
114.7,-0.05658
114.8,-0.47717
114.9,-0.23825
115,-1.0363
115.1,-0.18507
115.2,-1.7865
115.3,-1.5021
115.4,-1.4622
115.5,-1.9082
115.6,-1.1745
115.7,-0.45266
115.8,-1.1479
115.9,0.10059
116,-0.46086
116.1,-0.82411
116.2,-0.94794
116.3,-1.5795
116.4,0.35465
116.5,-1.2974
116.6,-1.2464
116.7,-0.82681
116.8,-0.38679
116.9,-1.1256
117,-1.8571
117.1,-0.30658
117.2,-0.30818
117.3,-0.87458
117.4,-1.3057
117.5,-0.91838
117.6,-1.3415
117.7,-0.42794
117.8,-1.1298
117.9,-1.0523
118,-0.81804
118.1,-1.2629
118.2,-1.785
118.3,-0.3131
118.4,-1.4167
118.5,0.92644
118.6,-1.2613
118.7,-0.038989
118.8,-0.91152
118.9,0.0074258
119,-0.68604
119.1,-1.4971
119.2,-1.6082
119.3,-1.4159
119.4,-0.02524
119.5,-0.3162
119.6,-0.84534
119.7,-1.1543
119.8,-2.3714
119.9,-0.032404
120,-1.7656
120.1,-1.045
120.2,-0.72218
120.3,-1.6344
120.4,-1.6292
120.5,-1.399
120.6,-1.346
120.7,-0.81613
120.8,-0.35456
120.9,-1.7661
121,-2.1359
121.1,-0.56333
121.2,-1.4313
121.3,-0.31063
121.4,-0.72421
121.5,-1.9816
121.6,-0.026558
121.7,-1.0215
121.8,-1.9586
121.9,-0.81781
122,-0.57602
122.1,-0.034074
122.2,-0.49042
122.3,-1.3354
122.4,-1.2645
122.5,-2.6396
122.6,-1.1094
122.7,-1.3813
122.8,-0.26048
122.9,-1.57
123,-1.6023
123.1,-1.1239
123.2,-1.6712
123.3,-1.5021
123.4,-1.0058
123.5,-0.71128
123.6,-0.060339
123.7,-1.2665
123.8,-0.77478
123.9,-2.7728
124,-2.1222
124.1,-1.1596
124.2,-0.38049
124.3,-0.20436
124.4,-0.62137
124.5,-1.7682
124.6,-0.39013
124.7,-2.0533
124.8,-0.379
124.9,-1.0185
125,-1.8148
125.1,-0.10002
125.2,-0.84879
125.3,0.54918
125.4,-2.1027
125.5,-0.58166
125.6,-0.71814
125.7,-0.37949
125.8,-1.281
125.9,-0.70706
126,-2.0996
126.1,-0.90858
126.2,-1.8898
126.3,-1.3907
126.4,-1.389
126.5,-1.5772
126.6,-1.549
126.7,-0.38694
126.8,-1.1616
126.9,-0.79955
127,-0.41744
127.1,-0.88434
127.2,-0.97565
127.3,-0.78954
127.4,-0.9342
127.5,-2.0931
127.6,-0.058113
127.7,-0.69856
127.8,0.29064
127.9,-0.49176
128,-2.2072
128.1,-0.3845
128.2,-0.62517
128.3,-0.67848
128.4,-2.0153
128.5,-1.7477
128.6,-0.24605
128.7,-1.0555
128.8,-1.3689
128.9,-1.3857
129,-2.3507
129.1,-0.087162
129.2,-0.30397
129.3,-1.3234
129.4,0.77655
129.5,-1.3857
129.6,-2.2907
129.7,-2.4561
129.8,-2.1342
129.9,-2.3415
130,-1.4174
130.1,7.0338
130.2,7.7912
130.3,7.1309
130.4,6.9372
130.5,7.1968
130.6,7.681
130.7,6.6883
130.8,7.9749
130.9,7.5301
131,5.9372
131.1,7.3699
131.2,6.6111
131.3,7.0151
131.4,6.245
131.5,7.3764
131.6,8.8582
131.7,7.8813
131.8,7.1584
131.9,7.8701
132,7.2176
132.1,7.4
132.2,6.5057
132.3,6.7754
132.4,7.0583
132.5,7.3366
132.6,7.3094
132.7,6.5948
132.8,7.8346
132.9,8.016
133,7.8894
133.1,7.5891
133.2,7.615
133.3,7.3088
133.4,6.3531
133.5,7.3945
133.6,6.3386
133.7,7.8674
133.8,8.2294
133.9,5.8129
134,7.2227
134.1,6.1751
134.2,7.6405
134.3,6.745
134.4,5.5628
134.5,6.3393
134.6,7.3887
134.7,6.8897
134.8,7.4573
134.9,7.4955
135,6.848
135.1,8.4293
135.2,6.5602
135.3,6.7212
135.4,6.1802
135.5,7.3196
135.6,6.7839
135.7,7.3356
135.8,5.3394
135.9,7.1636
136,7.5609
136.1,6.8166
136.2,7.709
136.3,6.6184
136.4,5.24
136.5,6.7531
136.6,6.7712
136.7,6.6258
136.8,8.3562
136.9,6.9055
137,5.4732
137.1,7.1656
137.2,6.951
137.3,8.4053
137.4,6.6253
137.5,7.9119
137.6,7.1497
137.7,7.2431
137.8,7.9794
137.9,7.1569
138,7.3126
138.1,7.1096
138.2,7.1535
138.3,7.9014
138.4,6.2567
138.5,6.1832
138.6,6.3645
138.7,9.0206
138.8,6.9369
138.9,6.9959
139,5.8588
139.1,7.6485
139.2,6.7107
139.3,6.7511
139.4,6.9061
139.5,7.1212
139.6,6.9355
139.7,7.3714
139.8,6.1417
139.9,6.9096
140,6.7649
140.1,8.315
140.2,7.2476
140.3,6.701
140.4,7.2468
140.5,6.4802
140.6,7.5966
140.7,7.574
140.8,7.6345
140.9,6.5995
141,6.7433
141.1,7.4906
141.2,6.8586
141.3,6.7073
141.4,5.9734
141.5,7.7673
141.6,7.2265
141.7,6.8478
141.8,7.8263
141.9,7.3869
142,6.7239
142.1,5.8688
142.2,7.742
142.3,7.881
142.4,7.1134
142.5,7.8048
142.6,7.1553
142.7,7.2149
142.8,7.0901
142.9,6.6551
143,6.9206
143.1,7.4657
143.2,5.7454
143.3,6.7075
143.4,8.1465
143.5,7.3114
143.6,8.2
143.7,5.7938
143.8,6.0051
143.9,6.995
144,7.0413
144.1,7.9698
144.2,7.9564
144.3,6.5429
144.4,7.4362
144.5,7.6545
144.6,7.5907
144.7,7.0432
144.8,7.8975
144.9,6.4616
145,7.4335
145.1,8.4555
145.2,6.4488
145.3,6.5886
145.4,7.2348
145.5,7.0386
145.6,7.0347
145.7,6.809
145.8,7.2794
145.9,6.3162
146,6.9107
146.1,6.9899
146.2,6.2107
146.3,6.4551
146.4,7.692
146.5,8.7716
146.6,6.8568
146.7,7.5647
146.8,7.3129
146.9,5.8588
147,7.3114
147.1,6.795
147.2,7.8151
147.3,6.4436
147.4,8.0281
147.5,7.9278
147.6,7.891
147.7,6.7123
147.8,7.7959
147.9,7.1065
148,7.9146
148.1,6.7893
148.2,7.9919
148.3,7.0815
148.4,7.8768
148.5,5.7612
148.6,6.5613
148.7,6.6543
148.8,6.9672
148.9,6.3571
149,6.5773
149.1,8.3984
149.2,7.1716
149.3,7.1081
149.4,6.3435
149.5,7.2405
149.6,5.9246
149.7,6.4149
149.8,6.5117
149.9,6.5618
150,6.8683
150.1,6.7936
150.2,6.6511
150.3,6.8793
150.4,5.877
150.5,7.5979
150.6,7.2908
150.7,6.6713
150.8,7.556
150.9,8.2968
151,6.0075
151.1,6.8859
151.2,7.1052
151.3,7.7663
151.4,6.7424
151.5,7.9266
151.6,7.6325
151.7,6.8287
151.8,6.4321
151.9,6.9165
152,6.7458
152.1,7.3325
152.2,6.6493
152.3,6.5267
152.4,8.1609
152.5,8.2413
152.6,8.3452
152.7,7.2912
152.8,7.1041
152.9,7.0235
153,6.1653
153.1,6.3425
153.2,6.664
153.3,7.5583
153.4,6.7527
153.5,7.326
153.6,7.0729
153.7,6.6946
153.8,7.683
153.9,7.7878
154,7.0192
154.1,6.5039
154.2,7.0158
154.3,6.4668
154.4,5.2068
154.5,6.0774
154.6,5.2483
154.7,7.6457
154.8,6.3525
154.9,6.2702
155,5.465
155.1,6.7302
155.2,6.8106
155.3,8.0184
155.4,6.8594
155.5,7.2106
155.6,5.5761
155.7,7.5535
155.8,6.438
155.9,7.2042
156,7.0878
156.1,7.6459
156.2,6.8322
156.3,7.283
156.4,5.7506
156.5,7.3434
156.6,6.463
156.7,8.5856
156.8,7.4952
156.9,6.9166
157,6.5346
157.1,6.2106
157.2,6.1747
157.3,7.0329
157.4,7.3072
157.5,5.7627
157.6,6.1343
157.7,7.7454
157.8,8.5896
157.9,6.3674
158,7.4947
158.1,6.6879
158.2,6.6065
158.3,7.4435
158.4,6.7788
158.5,7.6913
158.6,5.9819
158.7,8.1461
158.8,7.2083
158.9,6.478
159,7.6473
159.1,6.8482
159.2,6.292
159.3,6.3652
159.4,8.2875
159.5,6.813
159.6,6.0976
159.7,7.2261
159.8,5.5365
159.9,6.804
160,5.9157
160.1,5.2418
160.2,7.3255
160.3,7.2026
160.4,7.1225
160.5,6.7414
160.6,6.4159
160.7,6.946
160.8,8.1194
160.9,7.602
161,6.9414
161.1,6.4612
161.2,6.4525
161.3,8.039
161.4,6.6073
161.5,7.4377
161.6,6.8042
161.7,6.5357
161.8,6.335
161.9,8.2766
162,6.7998
162.1,6.0306
162.2,6.0434
162.3,6.6647
162.4,6.9449
162.5,7.0309
162.6,6.8891
162.7,7.7371
162.8,7.3463
162.9,6.675
163,7.5816
163.1,6.5483
163.2,7.0058
163.3,6.9626
163.4,7.0621
163.5,5.9089
163.6,8.401
163.7,6.2528
163.8,8.1719
163.9,6.515
164,5.7728
164.1,6.7366
164.2,6.2933
164.3,6.3102
164.4,6.3695
164.5,7.0983
164.6,6.3898
164.7,9.5246
164.8,7.0655
164.9,8.0776
165,6.2844
165.1,5.7986
165.2,6.0428
165.3,8.0644
165.4,8.0536
165.5,5.1044
165.6,7.7436
165.7,7.9428
165.8,7.4586
165.9,6.9583
166,7.7626
166.1,6.761
166.2,7.0969
166.3,7.4096
166.4,7.9238
166.5,7.0131
166.6,8.2405
166.7,8.068
166.8,8.177
166.9,6.717
167,6.2493
167.1,7.1257
167.2,7.5667
167.3,6.1401
167.4,6.9104
167.5,6.118
167.6,7.5298
167.7,6.3217
167.8,5.5917
167.9,5.7794
168,6.255
168.1,7.4257
168.2,6.9986
168.3,7.7868
168.4,6.7848
168.5,7.6268
168.6,6.5601
168.7,6.6292
168.8,6.7003
168.9,7.1844
169,7.6783
169.1,6.7383
169.2,7.6321
169.3,7.3488
169.4,8.5258
169.5,7.0125
169.6,5.9039
169.7,6.6425
169.8,5.9387
169.9,6.6972
170,7.2019
170.1,7.7038
170.2,5.5094
170.3,6.7256
170.4,5.3519
170.5,7.2524
170.6,6.4879
170.7,7.0516
170.8,6.9538
170.9,7.8209
171,6.8909
171.1,7.3345
171.2,7.2489
171.3,6.8513
171.4,7.8219
171.5,7.1263
171.6,7.5218
171.7,6.8283
171.8,8.082
171.9,6.9282
172,6.4552
172.1,5.7394
172.2,7.2867
172.3,6.8135
172.4,6.2228
172.5,6.3819
172.6,7.3553
172.7,6.8046
172.8,7.3894
172.9,7.1606
173,5.5118
173.1,6.6407
173.2,7.9016
173.3,6.6322
173.4,6.8854
173.5,6.6956
173.6,8.2452
173.7,7.5284
173.8,7.3259
173.9,7.668
174,7.4893
174.1,6.9984
174.2,6.7888
174.3,7.8293
174.4,7.9528
174.5,6.6661
174.6,7.6907
174.7,7.1451
174.8,8.0266
174.9,7.6216
175,6.3552
175.1,6.8934
175.2,6.2299
175.3,8.2835
175.4,6.6093
175.5,7.4366
175.6,6.1296
175.7,7.2336
175.8,5.8083
175.9,8.1089
176,7.1634
176.1,8.9602
176.2,5.0707
176.3,7.7541
176.4,7.6815
176.5,6.568
176.6,6.9563
176.7,8.1402
176.8,6.1254
176.9,6.8463
177,7.4283
177.1,6.9593
177.2,7.3147
177.3,7.0773
177.4,6.6091
177.5,7.3907
177.6,7.9263
177.7,5.7291
177.8,5.6021
177.9,7.3923
178,7.9253
178.1,7.5236
178.2,6.635
178.3,6.6744
178.4,7.1057
178.5,6.913
178.6,7.6559
178.7,7.4903
178.8,5.8048
178.9,7.0187
179,7.5704
179.1,8.2843
179.2,6.3217
179.3,6.5196
179.4,7.2975
179.5,7.4968
179.6,7.4073
179.7,8.4689
179.8,5.6706
179.9,6.8875
180,7.6198
180.1,7.7338
180.2,5.8526
180.3,7.3038
180.4,6.2636
180.5,6.6852
180.6,6.4956
180.7,6.4527
180.8,7.5748
180.9,7.2393
181,7.9784
181.1,7.4695
181.2,6.5035
181.3,6.9327
181.4,7.1513
181.5,7.8097
181.6,6.2184
181.7,7.3454
181.8,5.9912
181.9,6.5737
182,7.1606
182.1,7.5119
182.2,8.6765
182.3,6.6877
182.4,7.2089
182.5,6.6452
182.6,7.0824
182.7,6.6718
182.8,8.0539
182.9,7.5729
183,6.9954
183.1,7.1505
183.2,8.0188
183.3,7.314
183.4,6.4671
183.5,6.5306
183.6,6.3741
183.7,7.019
183.8,6.1804
183.9,7.2936
184,6.5014
184.1,7.4076
184.2,8.3771
184.3,7.145
184.4,5.7373
184.5,7.8052
184.6,7.6032
184.7,6.4304
184.8,6.7507
184.9,7.7786
185,5.966
185.1,8.0754
185.2,7.2867
185.3,6.9294
185.4,7.3485
185.5,7.832
185.6,6.2756
185.7,6.6496
185.8,5.841
185.9,6.8749
186,7.0587
186.1,6.5058
186.2,7.8987
186.3,6.6735
186.4,7.5638
186.5,8.0492
186.6,5.9297
186.7,7.9781
186.8,7.6095
186.9,6.013
187,6.5278
187.1,6.9613
187.2,7.6777
187.3,7.2675
187.4,7.2347
187.5,6.6539
187.6,8.0944
187.7,6.2948
187.8,8.2434
187.9,6.7427
188,8.3511
188.1,7.4556
188.2,6.702
188.3,6.8819
188.4,7.5031
188.5,6.8434
188.6,5.6646
188.7,6.693
188.8,7.3036
188.9,6.94
189,7.1908
189.1,6.0718
189.2,7.1472
189.3,6.3738
189.4,6.548
189.5,7.1998
189.6,7.0972
189.7,6.4784
189.8,7.4775
189.9,7.1034
190,6.3871
190.1,7.5532
190.2,5.7729
190.3,7.0209
190.4,6.8119
190.5,7.4732
190.6,8.5047
190.7,7.8514
190.8,6.732
190.9,6.2245
191,6.3441
191.1,6.412
191.2,6.7104
191.3,8.5342
191.4,7.9956
191.5,8.1877
191.6,7.891
191.7,6.6167
191.8,7.5986
191.9,7.7877
192,6.4907
192.1,7.222
192.2,6.9817
192.3,5.4412
192.4,6.8113
192.5,7.1781
192.6,7.1187
192.7,7.8117
192.8,6.155
192.9,6.3308
193,5.8901
193.1,6.428
193.2,6.6036
193.3,8.1462
193.4,6.5308
193.5,8.0839
193.6,7.6758
193.7,6.9332
193.8,6.0359
193.9,7.7472
194,6.8956
194.1,5.8627
194.2,7.1203
194.3,7.0458
194.4,6.4465
194.5,5.9897
194.6,6.5089
194.7,8.2656
194.8,7.4533
194.9,7.0451
195,7.5709
195.1,6.9487
195.2,6.65
195.3,6.6017
195.4,6.7496
195.5,5.7158
195.6,6.9486
195.7,7.5223
195.8,8.2161
195.9,8.5308
196,6.9911
196.1,6.4986
196.2,6.74
196.3,7.5854
196.4,5.8753
196.5,6.3374
196.6,7.0757
196.7,6.9966
196.8,7.1997
196.9,6.7406
197,5.9529
197.1,7.1805
197.2,7.2446
197.3,7.0399
197.4,7.7368
197.5,7.7593
197.6,7.7153
197.7,7.0763
197.8,6.9597
197.9,6.4114
198,6.6684
198.1,7.4347
198.2,6.1419
198.3,7.2215
198.4,6.8878
198.5,7.1955
198.6,7.441
198.7,5.7701
198.8,6.8624
198.9,6.8091
199,6.954
199.1,7.7483
199.2,7.4792
199.3,6.3976
199.4,7.0438
199.5,6.5279
199.6,6.883
199.7,7.5759
199.8,7.3072
199.9,6.2318
200,5.4675
200.1,7.5431
200.2,6.976
200.3,8.5444
200.4,5.5682
200.5,7.087
200.6,6.068
200.7,6.7823
200.8,7.5811
200.9,7.5202
201,8.0646
201.1,6.8825
201.2,7.0075
201.3,7.5158
201.4,8.0006
201.5,7.6284
201.6,8.4568
201.7,6.3565
201.8,7.2086
201.9,7.8539
202,8.059
202.1,7.9057
202.2,6.5775
202.3,6.1803
202.4,7.255
202.5,6.9777
202.6,7.0542
202.7,6.4589
202.8,8.2331
202.9,7.1896
203,7.3416
203.1,6.2272
203.2,6.5292
203.3,7.4898
203.4,7.0687
203.5,8.3208
203.6,6.7005
203.7,6.2999
203.8,6.2524
203.9,6.6585
204,6.4449
204.1,6.6765
204.2,6.0274
204.3,8.3312
204.4,7.0209
204.5,6.1023
204.6,6.1766
204.7,7.3141
204.8,7.5019
204.9,6.781
205,8.4476
205.1,7.3825
205.2,7.2676
205.3,7.3968
205.4,7.9481
205.5,6.3413
205.6,7.0198
205.7,7.3697
205.8,7.9375
205.9,6.2544
206,7.7655
206.1,5.2354
206.2,7.0647
206.3,6.5884
206.4,6.2773
206.5,7.3048
206.6,6.4244
206.7,7.4793
206.8,8.2694
206.9,8.2397
207,7.579
207.1,7.1952
207.2,6.8873
207.3,7.6144
207.4,6.1844
207.5,7.0793
207.6,7.8363
207.7,7.3789
207.8,7.1585
207.9,6.5827
208,6.4138
208.1,8.2829
208.2,6.5959
208.3,7.4541
208.4,6.9314
208.5,6.3547
208.6,8.4768
208.7,6.1513
208.8,7.0842
208.9,7.514
209,5.8351
209.1,7.7519
209.2,5.596
209.3,6.7436
209.4,6.3488
209.5,7.6537
209.6,6.1677
209.7,5.4564
209.8,6.6764
209.9,8.1548
210,6.0746
210.1,5.5851
210.2,7.4304
210.3,7.2874
210.4,6.4391
210.5,6.1439
210.6,7.3833
210.7,6.6013
210.8,6.7896
210.9,7.5112
211,7.1915
211.1,6.515
211.2,5.9591
211.3,7.2528
211.4,6.1971
211.5,7.0098
211.6,7.5216
211.7,7.8612
211.8,5.7717
211.9,6.6623
212,6.58
212.1,7.4818
212.2,6.1401
212.3,6.439
212.4,7.7971
212.5,7.321
212.6,6.6526
212.7,7.2594
212.8,6.7867
212.9,6.6767
213,7.2931
213.1,7.4339
213.2,7.7586
213.3,6.1697
213.4,5.9913
213.5,6.612
213.6,7.2722
213.7,8.1322
213.8,6.6554
213.9,7.1638
214,7.4399
214.1,7.2744
214.2,7.8616
214.3,7.9632
214.4,8.1287
214.5,6.7565
214.6,6.5494
214.7,6.2316
214.8,9.484
214.9,7.1782
215,7.8071
215.1,5.7103
215.2,6.3236
215.3,7.2302
215.4,7.1656
215.5,7.4713
215.6,6.7581
215.7,7.9143
215.8,5.8261
215.9,7.6262
216,7.0649
216.1,6.7149
216.2,6.3321
216.3,8.3292
216.4,7.4438
216.5,6.4982
216.6,6.7284
216.7,5.3008
216.8,5.8096
216.9,7.101
217,6.3451
217.1,8.16
217.2,7.0746
217.3,8.2812
217.4,7.001
217.5,6.2362
217.6,7.0817
217.7,6.6056
217.8,6.5769
217.9,6.7188
218,6.9318
218.1,7.145
218.2,6.1054
218.3,6.628
218.4,7.3405
218.5,8.32
218.6,6.8407
218.7,7.6993
218.8,7.8618
218.9,6.5789
219,6.3262
219.1,7.3242
219.2,7.5272
219.3,6.8104
219.4,7.0251
219.5,7.1552
219.6,6.3789
219.7,6.9993
219.8,6.7282
219.9,5.4232
220,6.8018
220.1,6.8682
220.2,7.5702
220.3,7.143
220.4,7.3001
220.5,6.7533
220.6,7.3445
220.7,6.9739
220.8,7.6088
220.9,6.2571
221,7.0842
221.1,7.2086
221.2,8.5918
221.3,8.0813
221.4,6.7495
221.5,7.678
221.6,7.0574
221.7,6.4539
221.8,7.1651
221.9,6.0346
222,7.2959
222.1,6.2336
222.2,7.2805
222.3,6.6548
222.4,7.2831
222.5,7.7377
222.6,7.5655
222.7,6.9335
222.8,7.2116
222.9,7.3615
223,6.5078
223.1,7.7985
223.2,5.2724
223.3,7.4121
223.4,6.5807
223.5,7.1188
223.6,7.402
223.7,5.6597
223.8,6.2508
223.9,7.0711
224,7.6883
224.1,7.616
224.2,6.3904
224.3,7.4552
224.4,7.3394
224.5,7.1421
224.6,7.4169
224.7,6.6073
224.8,6.7089
224.9,6.1574
225,6.5177
225.1,6.4393
225.2,6.6332
225.3,7.0224
225.4,8.3068
225.5,6.6634
225.6,6.8388
225.7,7.406
225.8,7.5451
225.9,6.7674
226,7.5608
226.1,6.9517
226.2,6.1058
226.3,7.6741
226.4,5.5912
226.5,6.536
226.6,7.4908
226.7,5.7932
226.8,7.3756
226.9,8.017
227,6.7316
227.1,6.1344
227.2,6.2203
227.3,7.0089
227.4,7.4148
227.5,7.2156
227.6,6.7311
227.7,6.3622
227.8,7.5681
227.9,7.788
228,6.3273
228.1,7.352
228.2,7.0709
228.3,5.9851
228.4,7.0392
228.5,7.0677
228.6,7.8055
228.7,5.9057
228.8,6.7752
228.9,7.0673
229,7.3555
229.1,7.2985
229.2,7.4264
229.3,7.5896
229.4,7.0219
229.5,6.7975
229.6,7.8731
229.7,8.0714
229.8,7.0333
229.9,7.5836
230,7.9526
230.1,6.1833
230.2,7.6748
230.3,7.7637
230.4,7.4732
230.5,8.0541
230.6,7.3573
230.7,7.7542
230.8,6.635
230.9,6.6888
231,6.7419
231.1,6.0024
231.2,6.3843
231.3,8.488
231.4,7.3337
231.5,5.9621
231.6,6.9734
231.7,8.0514
231.8,6.2977
231.9,7.0957
232,6.8516
232.1,6.2657
232.2,6.8861
232.3,8.7544
232.4,8.0134
232.5,7.2263
232.6,6.003
232.7,6.7688
232.8,7.1768
232.9,7.2432
233,6.8548
233.1,7.5412
233.2,7.0878
233.3,6.499
233.4,6.8415
233.5,7.013
233.6,7.8031
233.7,6.9441
233.8,6.1414
233.9,6.2422
234,9.0472
234.1,7.4362
234.2,6.8684
234.3,5.7958
234.4,6.6116
234.5,6.6917
234.6,6.6201
234.7,6.4807
234.8,7.0366
234.9,7.6666
235,6.9378
235.1,7.9948
235.2,5.9095
235.3,8.7662
235.4,6.1121
235.5,6.515
235.6,7.3751
235.7,6.5187
235.8,5.0594
235.9,6.5822
236,6.057
236.1,5.8902
236.2,7.5779
236.3,6.8462
236.4,7.4693
236.5,6.8125
236.6,7.281
236.7,7.5236
236.8,7.5844
236.9,6.1952
237,7.0282
237.1,6.0039
237.2,6.5122
237.3,7.2938
237.4,5.3984
237.5,6.5295
237.6,7.1139
237.7,7.5791
237.8,7.2681
237.9,6.698
238,6.7495
238.1,6.4482
238.2,7.6962
238.3,5.6752
238.4,5.7296
238.5,6.7843
238.6,6.1545
238.7,6.7146
238.8,8.1685
238.9,6.6618
239,7.1039
239.1,6.7822
239.2,5.6286
239.3,7.0552
239.4,7.2792
239.5,7.7952
239.6,7.51
239.7,7.4319
239.8,7.6713
239.9,7.1702
240,6.8764
240.1,7.1507
240.2,6.1615
240.3,7.7628
240.4,6.5472
240.5,7.1578
240.6,6.5164
240.7,6.9713
240.8,6.6511
240.9,7.6875
241,7.0203
241.1,7.7587
241.2,7.7296
241.3,7.1483
241.4,7.5433
241.5,6.7127
241.6,6.7543
241.7,7.4639
241.8,6.899
241.9,7.825
242,5.8691
242.1,5.9704
242.2,7.2306
242.3,6.6851
242.4,7.8614
242.5,6.994
242.6,8.5024
242.7,6.9207
242.8,7.119
242.9,7.5549
243,7.1655
243.1,7.0145
243.2,9.0233
243.3,7.8005
243.4,6.6626
243.5,7.9015
243.6,6.5699
243.7,7.9023
243.8,6.711
243.9,5.6681
244,6.7066
244.1,7.9907
244.2,6.5672
244.3,6.1585
244.4,7.7457
244.5,6.3252
244.6,7.5435
244.7,6.0452
244.8,7.2716
244.9,7.564
245,6.2392
245.1,7.2599
245.2,6.6912
245.3,6.9009
245.4,7.4625
245.5,7.2062
245.6,6.417
245.7,7.167
245.8,7.0022
245.9,7.1852
246,7.0611
246.1,7.3095
246.2,5.8295
246.3,6.6183
246.4,7.807
246.5,6.7059
246.6,6.435
246.7,6.9486
246.8,6.9315
246.9,6.7576
247,6.6769
247.1,6.2097
247.2,5.5516
247.3,6.3065
247.4,6.3546
247.5,6.6091
247.6,8.0594
247.7,7.3268
247.8,6.9502
247.9,6.3561
248,6.233
248.1,6.9248
248.2,7.5607
248.3,5.4893
248.4,7.1509
248.5,5.918
248.6,6.4315
248.7,5.4628
248.8,7.35
248.9,7.306
249,7.4972
249.1,6.6826
249.2,7.7524
249.3,5.954
249.4,6.3742
249.5,6.7451
249.6,6.9263
249.7,7.0229
249.8,7.293
249.9,7.4102
250,6.9358
250.1,7.0033
250.2,8.2448
250.3,6.3342
250.4,6.827
250.5,7.1406
250.6,6.9277
250.7,7.9698
250.8,6.6547
250.9,6.6519
251,6.3329
251.1,7.8426
251.2,7.1894
251.3,7.0272
251.4,7.8886
251.5,6.919
251.6,6.1193
251.7,7.1134
251.8,6.8655
251.9,6.0114
252,7.1164
252.1,6.8217
252.2,6.4381
252.3,6.8623
252.4,7.1197
252.5,7.8163
252.6,7.3853
252.7,7.6902
252.8,6.7562
252.9,6.6684
253,7.1215
253.1,8.4487
253.2,6.2115
253.3,6.401
253.4,6.9096
253.5,6.6904
253.6,6.7307
253.7,7.3174
253.8,7.3431
253.9,6.7795
254,7.0168
254.1,6.0712
254.2,7.1343
254.3,6.7777
254.4,6.5279
254.5,8.19
254.6,8.1319
254.7,6.3587
254.8,6.1019
254.9,6.0492
255,6.51
255.1,5.9835
255.2,7.6424
255.3,8.6475
255.4,7.1697
255.5,6.7381
255.6,8.085
255.7,7.2226
255.8,6.3578
255.9,6.8286
256,7.1348
256.1,7.3466
256.2,7.3022
256.3,8.0969
256.4,6.9612
256.5,7.3198
256.6,7.705
256.7,7.1865
256.8,5.5319
256.9,5.8479
257,8.0127
257.1,8.0056
257.2,7.1842
257.3,6.4714
257.4,5.5168
257.5,6.7896
257.6,6.0928
257.7,7.3204
257.8,6.1621
257.9,7.0779
258,7.2308
258.1,6.7216
258.2,6.4828
258.3,6.5538
258.4,6.6509
258.5,7.0345
258.6,6.9715
258.7,6.2365
258.8,7.2721
258.9,6.3742
259,6.2713
259.1,5.7569
259.2,5.83
259.3,6.6129
259.4,7.3154
259.5,7.5529
259.6,6.651
259.7,7.7024
259.8,6.8383
259.9,7.9771
260,6.8692
260.1,7.7671
260.2,7.4362
260.3,7.5895
260.4,7.1189
260.5,6.9844
260.6,6.6834
260.7,6.9966
260.8,9.1919
260.9,5.4394
261,6.3794
261.1,7.3985
261.2,7.383
261.3,6.7159
261.4,7.987
261.5,7.5159
261.6,7.5718
261.7,7.9521
261.8,6.4263
261.9,7.246
262,6.6729
262.1,7.0261
262.2,7.357
262.3,6.604
262.4,6.7755
262.5,7.4625
262.6,7.0973
262.7,6.1143
262.8,7.4241
262.9,6.9012
263,6.1855
263.1,7.1995
263.2,8.6383
263.3,7.693
263.4,6.0633
263.5,6.4383
263.6,7.0605
263.7,6.5667
263.8,7.8323
263.9,7.3581
264,8.2747
264.1,7.1144
264.2,7.5102
264.3,6.8126
264.4,6.208
264.5,6.2479
264.6,6.9432
264.7,5.4691
264.8,6.907
264.9,6.8495
265,6.6636
265.1,6.5175
265.2,6.7461
265.3,6.1313
265.4,6.5652
265.5,7.0434
265.6,6.6872
265.7,7.6048
265.8,7.7884
265.9,6.6191
266,6.6175
266.1,7.3807
266.2,5.2723
266.3,7.306
266.4,6.1928
266.5,7.2226
266.6,7.4239
266.7,7.3096
266.8,6.6044
266.9,7.2159
267,5.6182
267.1,8.0858
267.2,5.8436
267.3,7.1914
267.4,6.327
267.5,5.7913
267.6,7.4265
267.7,6.7431
267.8,6.1652
267.9,6.06
268,6.6595
268.1,8.335
268.2,6.8985
268.3,7.4242
268.4,6.5674
268.5,5.9876
268.6,6.9877
268.7,8.0371
268.8,6.3142
268.9,6.6658
269,7.3878
269.1,7.84
269.2,7.7194
269.3,5.7678
269.4,7.4194
269.5,6.9922
269.6,7.2003
269.7,7.0062
269.8,6.1314
269.9,7.4996
270,6.7158
270.1,6.7206
270.2,7.5156
270.3,7.1616
270.4,5.973
270.5,7.1649
270.6,6.1527
270.7,6.613
270.8,6.4236
270.9,7.3392
271,7.1834
271.1,8.0721
271.2,6.9977
271.3,7.5323
271.4,6.8517
271.5,7.7866
271.6,7.4434
271.7,7.2182
271.8,6.5397
271.9,7.9314
272,6.7177
272.1,6.6969
272.2,6.6686
272.3,6.865
272.4,5.861
272.5,7.6105
272.6,5.9954
272.7,6.66
272.8,7.8379
272.9,8.3017
273,6.9364
273.1,6.995
273.2,7.2294
273.3,6.7618
273.4,7.8193
273.5,7.7642
273.6,7.659
273.7,6.8583
273.8,6.7493
273.9,6.3966
274,6.8464
274.1,6.6097
274.2,7.1788
274.3,7.4462
274.4,8.1135
274.5,6.6148
274.6,7.0031
274.7,6.7379
274.8,8.6648
274.9,7.6472
275,6.9283
275.1,7.715
275.2,6.9592
275.3,6.5864
275.4,7.399
275.5,6.4791
275.6,7.0089
275.7,5.924
275.8,7.0464
275.9,5.8777
276,6.5724
276.1,8.5617
276.2,7.5391
276.3,5.9286
276.4,5.9932
276.5,6.8802
276.6,7.3929
276.7,6.1434
276.8,8.4209
276.9,7.989
277,6.8601
277.1,7.9998
277.2,7.4037
277.3,6.8417
277.4,6.3832
277.5,7.5606
277.6,5.9207
277.7,5.8587
277.8,6.705
277.9,7.3235
278,7.0872
278.1,7.5785
278.2,6.4452
278.3,6.6314
278.4,6.1614
278.5,6.6593
278.6,5.9274
278.7,7.7541
278.8,7.0592
278.9,7.0649
279,6.8437
279.1,7.1729
279.2,6.8832
279.3,5.7918
279.4,6.5784
279.5,6.5165
279.6,6.9825
279.7,7.1791
279.8,7.657
279.9,6.7763
280,7.4219
280.1,7.3904
280.2,7.9907
280.3,6.2825
280.4,6.0163
280.5,6.4212
280.6,6.2
280.7,8.2165
280.8,7.2203
280.9,7.4524
281,6.6307
281.1,7.1396
281.2,6.7275
281.3,7.8762
281.4,6.1718
281.5,6.7269
281.6,6.2163
281.7,7.4844
281.8,7.1378
281.9,6.9129
282,6.5289
282.1,6.9047
282.2,7.3005
282.3,7.9518
282.4,6.389
282.5,7.6234
282.6,7.4324
282.7,7.1994
282.8,5.4765
282.9,7.3986
283,7.0596
283.1,6.134
283.2,7.5582
283.3,5.4554
283.4,7.1322
283.5,5.9701
283.6,7.1205
283.7,7.2102
283.8,6.2593
283.9,7.2423
284,7.2112
284.1,6.7258
284.2,7.4895
284.3,6.5463
284.4,7.3394
284.5,6.8323
284.6,7.2171
284.7,6.8216
284.8,7.4697
284.9,7.0362
285,7.3055
285.1,7.58
285.2,7.2371
285.3,8.2908
285.4,7.4414
285.5,5.1931
285.6,7.9515
285.7,7.0365
285.8,6.4276
285.9,6.4798
286,6.0551
286.1,6.7399
286.2,6.4657
286.3,6.8215
286.4,6.8725
286.5,6.1346
286.6,6.563
286.7,7.4119
286.8,7.3165
286.9,7.3252
287,7.0641
287.1,7.1132
287.2,7.4015
287.3,5.7983
287.4,7.2573
287.5,7.5202
287.6,8.3158
287.7,6.2836
287.8,7.4801
287.9,7.6466
288,6.9141
288.1,6.5487
288.2,5.8589
288.3,7.0811
288.4,6.6244
288.5,7.6155
288.6,7.3566
288.7,6.1621
288.8,7.2642
288.9,6.7381
289,6.4077
289.1,6.1847
289.2,6.9943
289.3,6.7326
289.4,6.7233
289.5,7.5622
289.6,5.7998
289.7,6.0388
289.8,6.318
289.9,7.3526
290,7.0934
290.1,6.3282
290.2,6.4877
290.3,8.0004
290.4,7.0032
290.5,7.3497
290.6,5.5377
290.7,6.8104
290.8,6.8483
290.9,6.5163
291,7.2494
291.1,7.6888
291.2,6.9084
291.3,6.5387
291.4,6.576
291.5,7.6246
291.6,6.2408
291.7,6.9326
291.8,7.3796
291.9,6.8935
292,5.988
292.1,7.2156
292.2,6.9013
292.3,6.67
292.4,8.1319
292.5,5.9133
292.6,6.2756
292.7,5.7177
292.8,7.6773
292.9,6.7598
293,7.0195
293.1,6.9929
293.2,7.9422
293.3,7.1379
293.4,6.2389
293.5,4.8357
293.6,7.0572
293.7,7.213
293.8,6.9681
293.9,7.2519
294,7.407
294.1,7.0916
294.2,7.1313
294.3,7.2316
294.4,7.6862
294.5,7.0751
294.6,7.3618
294.7,7.2992
294.8,5.8908
294.9,6.0469
295,7.0025
295.1,6.9149
295.2,6.9601
295.3,6.9203
295.4,6.7963
295.5,7.6898
295.6,7.6642
295.7,7.8907
295.8,7.2146
295.9,7.1238
296,6.9227
296.1,7.2498
296.2,7.5666
296.3,6.1443
296.4,6.1968
296.5,7.2951
296.6,7.5859
296.7,7.0644
296.8,6.9227
296.9,7.2125
297,7.3212
297.1,6.8748
297.2,6.8753
297.3,7.5007
297.4,7.2953
297.5,7.6694
297.6,7.8444
297.7,6.9346
297.8,6.9072
297.9,6.3972
298,7.5787
298.1,8.09
298.2,7.3979
298.3,7.8386
298.4,6.7272
298.5,6.938
298.6,5.9635
298.7,7.6756
298.8,6.7511
298.9,6.5362
299,6.7986
299.1,6.8402
299.2,6.495
299.3,8.1392
299.4,7.2502
299.5,6.6595
299.6,6.9167
299.7,6.4609
299.8,6.7536
299.9,5.88
