0,1.2031
0.1,0.44902
0.2,0.73449
0.3,3.1668
0.4,1.5026
0.5,1.4439
0.6,1.7137
0.7,1.752
0.8,2.492
0.9,0.91568
1,0.94857
1.1,1.6
1.2,0.95177
1.3,2.6216
1.4,0.53176
1.5,2.1504
1.6,0.13547
1.7,1.3697
1.8,1.3209
1.9,2.192
2,1.0344
2.1,2.437
2.2,0.30504
2.3,0.92707
2.4,0.495
2.5,1.3288
2.6,1.8359
2.7,0.48276
2.8,2.7522
2.9,1.862
3,1.6535
3.1,0.60027
3.2,1.3393
3.3,1.1175
3.4,0.64988
3.5,2.6794
3.6,0.58426
3.7,0.50561
3.8,0.33093
3.9,1.6981
4,1.6411
4.1,1.3713
4.2,1.7792
4.3,1.5708
4.4,1.88
4.5,2.014
4.6,0.45047
4.7,2.9235
4.8,0.94351
4.9,2.0499
5,1.8871
5.1,-0.16435
5.2,1.1244
5.3,1.1263
5.4,0.62317
5.5,1.5904
5.6,0.15346
5.7,0.95374
5.8,0.45178
5.9,3.0519
6,0.48385
6.1,2.2537
6.2,2.1637
6.3,2.5645
6.4,2.5916
6.5,1.783
6.6,1.2081
6.7,0.055262
6.8,1.5076
6.9,2.566
7,0.31112
7.1,1.1709
7.2,1.6746
7.3,1.5556
7.4,0.33675
7.5,1.1404
7.6,-0.024959
7.7,0.70374
7.8,2.4894
7.9,1.1907
8,2.3573
8.1,1.8227
8.2,1.8121
8.3,1.0051
8.4,2.0521
8.5,0.95022
8.6,1.1481
8.7,0.61826
8.8,2.1045
8.9,1.2302
9,2.2914
9.1,0.9153
9.2,2.309
9.3,1.1081
9.4,0.33673
9.5,1.4455
9.6,2.1136
9.7,1.982
9.8,0.65087
9.9,2.6689
10,2.1169
10.1,0.45757
10.2,1.4599
10.3,1.6617
10.4,0.616
10.5,1.6774
10.6,1.8723
10.7,1.1926
10.8,1.4809
10.9,1.7338
11,0.64426
11.1,2.1184
11.2,2.1465
11.3,1.7509
11.4,0.81865
11.5,2.0403
11.6,-0.028318
11.7,1.2916
11.8,1.8787
11.9,0.58471
12,2.7215
12.1,2.1438
12.2,1.8507
12.3,2.2911
12.4,2.9647
12.5,2.4234
12.6,0.76307
12.7,2.6694
12.8,1.4397
12.9,1.0185
13,1.1836
13.1,1.8098
13.2,0.47993
13.3,1.5501
13.4,2.1683
13.5,1.6012
13.6,1.383
13.7,1.3189
13.8,1.362
13.9,2.0144
14,2.7444
14.1,1.4981
14.2,0.72945
14.3,1.4893
14.4,1.7375
14.5,2.1346
14.6,1.7235
14.7,2.497
14.8,2.3452
14.9,1.5657
15,1.0181
15.1,0.20547
15.2,0.21295
15.3,0.60611
15.4,2.2125
15.5,1.4711
15.6,0.6973
15.7,2.2143
15.8,1.7531
15.9,0.37116
16,2.6382
16.1,0.5511
16.2,0.93888
16.3,0.37892
16.4,1.9364
16.5,0.41685
16.6,1.608
16.7,1.5345
16.8,1.9435
16.9,2.5669
17,2.8995
17.1,0.72262
17.2,2.0844
17.3,0.13851
17.4,2.5092
17.5,2.3256
17.6,0.40929
17.7,1.4255
17.8,0.38409
17.9,0.72562
18,1.5629
18.1,2.4259
18.2,0.68985
18.3,1.6027
18.4,2.1321
18.5,2.7919
18.6,2.4549
18.7,1.9183
18.8,2.1309
18.9,1.3881
19,1.0449
19.1,0.89155
19.2,1.8926
19.3,1.82
19.4,-0.19436
19.5,1.628
19.6,3.1649
19.7,2.4997
19.8,1.6316
19.9,1.2164
20,3.1829
20.1,1.6137
20.2,2.3593
20.3,0.98479
20.4,1.0662
20.5,1.1933
20.6,2.0121
20.7,1.7015
20.8,1.0724
20.9,2.3128
21,0.53403
21.1,2.4344
21.2,2.1137
21.3,1.4012
21.4,2.0731
21.5,1.5652
21.6,1.1118
21.7,2.1957
21.8,1.0286
21.9,2.6456
22,1.0806
22.1,2.4748
22.2,1.7869
22.3,0.94598
22.4,1.5705
22.5,2.9372
22.6,2.0475
22.7,1.8038
22.8,0.6659
22.9,2.1129
23,1.4019
23.1,1.3017
23.2,1.4335
23.3,1.2385
23.4,2.5133
23.5,1.1594
23.6,1.6474
23.7,1.0266
23.8,3.0097
23.9,2.3885
24,2.175
24.1,2.6635
24.2,0.4541
24.3,1.917
24.4,2.3707
24.5,1.2815
24.6,1.7326
24.7,1.5031
24.8,2.9471
24.9,1.0599
25,2.7175
25.1,0.32134
25.2,1.6066
25.3,0.37176
25.4,1.0727
25.5,1.4135
25.6,2.7854
25.7,2.3019
25.8,0.75042
25.9,0.5686
26,0.36316
26.1,1.2901
26.2,1.2105
26.3,2.0634
26.4,2.3686
26.5,2.4268
26.6,1.727
26.7,2.3404
26.8,1.5872
26.9,1.656
27,1.1114
27.1,1.5402
27.2,2.2219
27.3,1.0392
27.4,1.623
27.5,1.7701
27.6,1.1325
27.7,0.88293
27.8,1.2706
27.9,0.96061
28,1.6979
28.1,0.9746
28.2,0.3847
28.3,1.5961
28.4,0.98261
28.5,1.7753
28.6,0.67576
28.7,1.5402
28.8,2.354
28.9,2.0092
29,1.6456
29.1,0.64457
29.2,1.3317
29.3,0.71951
29.4,1.953
29.5,1.6477
29.6,1.0646
29.7,1.4026
29.8,2.0608
29.9,1.5651
30,2.06
30.1,1.9628
30.2,1.6917
30.3,1.5386
30.4,0.82985
30.5,1.8034
30.6,1.5587
30.7,0.13879
30.8,1.1907
30.9,1.2095
31,1.4602
31.1,1.6749
31.2,2.2545
31.3,1.4626
31.4,3.5639
31.5,1.3833
31.6,1.1845
31.7,2.2117
31.8,1.0249
31.9,0.54198
32,1.1418
32.1,3.0883
32.2,1.644
32.3,2.119
32.4,2.6711
32.5,1.9888
32.6,1.9971
32.7,1.5824
32.8,1.8466
32.9,1.1643
33,2.3145
33.1,1.5707
33.2,2.508
33.3,2.0593
33.4,1.4427
33.5,1.4299
33.6,2.6462
33.7,2.032
33.8,0.3919
33.9,0.2554
34,2.4974
34.1,1.7493
34.2,2.6435
34.3,2.2012
34.4,1.0875
34.5,0.91558
34.6,0.86955
34.7,0.92651
34.8,0.84124
34.9,0.52866
35,1.3658
35.1,1.6509
35.2,2.4576
35.3,0.98336
35.4,1.3793
35.5,1.4628
35.6,2.0266
35.7,1.4604
35.8,2.4391
35.9,1.8135
36,2.0257
36.1,1.6721
36.2,1.756
36.3,1.7642
36.4,2.5518
36.5,1.3028
36.6,2.2957
36.7,0.94876
36.8,1.921
36.9,1.2828
37,2.0092
37.1,1.4794
37.2,1.6709
37.3,0.19063
37.4,1.8432
37.5,2.3689
37.6,1.8844
37.7,1.5614
37.8,2.8436
37.9,2.9146
38,0.78629
38.1,1.2437
38.2,1.0472
38.3,2.4599
38.4,0.91386
38.5,2.9656
38.6,1.9289
38.7,2.6612
38.8,2.8151
38.9,2.7924
39,1.8176
39.1,1.1875
39.2,0.44069
39.3,1.3611
39.4,2.756
39.5,1.8562
39.6,0.78778
39.7,0.86734
39.8,0.52442
39.9,2.1848
40,2.1346
40.1,0.95161
40.2,0.75184
40.3,2.4355
40.4,2.2731
40.5,1.7726
40.6,1.2551
40.7,2.4876
40.8,1.7533
40.9,2.9742
41,2.7625
41.1,3.1264
41.2,3.6322
41.3,0.80279
41.4,1.3964
41.5,2.9826
41.6,2.2925
41.7,0.70846
41.8,1.8663
41.9,1.553
42,2.0171
42.1,1.2194
42.2,2.0347
42.3,0.91514
42.4,2.3666
42.5,2.69
42.6,1.9471
42.7,1.2855
42.8,-0.081437
42.9,1.8934
43,1.27
43.1,2.2804
43.2,1.5256
43.3,0.57711
43.4,2.2568
43.5,2.0252
43.6,1.6116
43.7,1.582
43.8,2.0074
43.9,3.0032
44,3.5954
44.1,2.9087
44.2,0.43133
44.3,1.4932
44.4,1.6774
44.5,1.9347
44.6,3.0432
44.7,1.5547
44.8,0.84566
44.9,1.424
45,1.7898
45.1,1.412
45.2,0.93322
45.3,1.4841
45.4,0.62111
45.5,0.55542
45.6,1.35
45.7,1.4235
45.8,0.81416
45.9,2.1236
46,1.7266
46.1,1.6984
46.2,1.4844
46.3,1.1696
46.4,2.6803
46.5,1.3138
46.6,0.66819
46.7,1.4232
46.8,1.1518
46.9,2.5873
47,0.48604
47.1,1.8191
47.2,1.6477
47.3,2.8301
47.4,1.389
47.5,2.7877
47.6,2.0227
47.7,1.3569
47.8,2.5625
47.9,1.8238
48,1.964
48.1,2.2866
48.2,1.2294
48.3,0.57484
48.4,1.4404
48.5,1.1292
48.6,0.92838
48.7,1.3727
48.8,3.0155
48.9,0.8556
49,0.95728
49.1,1.1631
49.2,1.7516
49.3,1.5028
49.4,2.0613
49.5,1.8919
49.6,1.6949
49.7,3.3474
49.8,2.8215
49.9,0.68251
50,1.2876
50.1,2.2256
50.2,0.56538
50.3,2.4608
50.4,1.7399
50.5,1.5356
50.6,1.9276
50.7,2.0339
50.8,3.5086
50.9,0.90795
51,2.7221
51.1,1.7222
51.2,1.9679
51.3,2.0689
51.4,2.517
51.5,2.2457
51.6,2.7246
51.7,2.3839
51.8,2.6774
51.9,1.7627
52,1.5997
52.1,2.245
52.2,2.6377
52.3,1.8037
52.4,2.122
52.5,3.0922
52.6,2.5587
52.7,1.4585
52.8,1.9145
52.9,2.5289
53,1.0847
53.1,2.1003
53.2,2.6514
53.3,0.94352
53.4,0.94694
53.5,2.5707
53.6,2.2454
53.7,0.0081552
53.8,1.4638
53.9,1.6537
54,1.5425
54.1,3.8008
54.2,2.0309
54.3,1.8909
54.4,2.6241
54.5,2.0517
54.6,1.0444
54.7,2.1459
54.8,2.0203
54.9,3.5867
55,1.8139
55.1,2.6735
55.2,2.5244
55.3,2.1038
55.4,2.6024
55.5,2.6915
55.6,2.1223
55.7,2.3246
55.8,1.8546
55.9,2.8211
56,1.8655
56.1,2.3377
56.2,1.4792
56.3,1.3556
56.4,1.1499
56.5,1.5433
56.6,2.9188
56.7,0.77214
56.8,0.91863
56.9,3.4494
57,2.6428
57.1,1.9252
57.2,1.2843
57.3,3.1573
57.4,1.1686
57.5,0.16675
57.6,1.0708
57.7,2.5234
57.8,2.2179
57.9,2.5171
58,2.2866
58.1,3.5998
58.2,0.83332
58.3,2.4629
58.4,1.8604
58.5,1.6677
58.6,2.47
58.7,2.5225
58.8,2.1308
58.9,2.4726
59,3.0058
59.1,1.1409
59.2,2.653
59.3,3.0185
59.4,1.6471
59.5,1.22
59.6,1.4408
59.7,2.2327
59.8,2.4081
59.9,1.4983
60,1.337
60.1,2.6738
60.2,1.3657
60.3,2.2169
60.4,2.0415
60.5,1.6235
60.6,1.8035
60.7,1.6357
60.8,1.8523
60.9,1.521
61,1.9782
61.1,3.2625
61.2,2.648
61.3,1.6458
61.4,1.4134
61.5,2.0758
61.6,2.7061
61.7,1.519
61.8,0.80241
61.9,2.0403
62,1.0588
62.1,2.6042
62.2,1.4049
62.3,2.9719
62.4,3.4821
62.5,0.90706
62.6,2.6897
62.7,1.0074
62.8,2.194
62.9,3.4267
63,3.2039
63.1,1.7749
63.2,2.8995
63.3,1.3755
63.4,0.54365
63.5,3.0152
63.6,2.4038
63.7,3.269
63.8,2.1042
63.9,2.7856
64,1.5699
64.1,2.2083
64.2,2.5316
64.3,4.192
64.4,1.7816
64.5,3.0619
64.6,1.6155
64.7,1.9954
64.8,0.63132
64.9,2.8109
65,0.96851
65.1,2.1331
65.2,2.1852
65.3,3.2302
65.4,2.7487
65.5,3.106
65.6,1.9972
65.7,2.159
65.8,3.0772
65.9,2.1502
66,2.3507
66.1,1.4954
66.2,2.0196
66.3,1.9845
66.4,3.0226
66.5,3.6781
66.6,3.069
66.7,2.054
66.8,2.9205
66.9,1.1018
67,1.873
67.1,2.3106
67.2,2.7433
67.3,2.0064
67.4,3.5658
67.5,2.6896
67.6,2.7524
67.7,3.069
67.8,2.0107
67.9,1.4049
68,1.5819
68.1,2.403
68.2,1.6246
68.3,2.0861
68.4,0.6739
68.5,1.731
68.6,2.7863
68.7,3.1766
68.8,2.4908
68.9,2.2766
69,2.0698
69.1,3.1955
69.2,2.4182
69.3,3.0236
69.4,2.4667
69.5,2.1859
69.6,2.026
69.7,2.5703
69.8,1.7812
69.9,2.8333
70,2.6257
70.1,3.4144
70.2,1.0978
70.3,3.6224
70.4,3.0758
70.5,2.2033
70.6,2.4896
70.7,2.5379
70.8,3.3261
70.9,3.3257
71,3.0456
71.1,3.5291
71.2,2.7464
71.3,1.6915
71.4,2.8265
71.5,1.1779
71.6,2.3518
71.7,2.6281
71.8,2.7916
71.9,2.4715
72,3.0844
72.1,2.7154
72.2,2.2394
72.3,2.2879
72.4,3.1418
72.5,2.2423
72.6,3.953
72.7,1.5161
72.8,1.6393
72.9,2.9681
73,2.0851
73.1,2.6456
73.2,3.2822
73.3,2.4375
73.4,2.9618
73.5,2.3964
73.6,3.1105
73.7,1.4872
73.8,2.5634
73.9,2.2559
74,1.6315
74.1,0.94594
74.2,2.1408
74.3,2.8847
74.4,2.6644
74.5,3.4115
74.6,2.4309
74.7,3.4785
74.8,2.6843
74.9,1.751
75,1.5395
75.1,3.2023
75.2,2.8382
75.3,2.9433
75.4,1.4582
75.5,2.367
75.6,3.2417
75.7,2.2613
75.8,2.6814
75.9,3.0279
76,2.7963
76.1,2.5457
76.2,2.771
76.3,2.3734
76.4,2.3436
76.5,1.2425
76.6,2.4392
76.7,2.9036
76.8,2.8939
76.9,3.2137
77,1.8385
77.1,3.0182
77.2,2.7985
77.3,3.6245
77.4,3.7031
77.5,2.1678
77.6,3.7738
77.7,2.0791
77.8,3.5225
77.9,1.8187
78,1.3745
78.1,2.336
78.2,2.9765
78.3,2.7129
78.4,2.3066
78.5,3.6042
78.6,2.6547
78.7,1.6995
78.8,2.6907
78.9,3.6872
79,2.9349
79.1,2.595
79.2,2.0649
79.3,2.1896
79.4,2.912
79.5,4.0145
79.6,1.566
79.7,1.6032
79.8,2.4737
79.9,1.3007
80,2.2725
80.1,3.1406
80.2,4.361
80.3,1.7515
80.4,2.3671
80.5,2.2911
80.6,3.1666
80.7,3.9837
80.8,3.1798
80.9,2.6624
81,3.5147
81.1,3.4368
81.2,2.6067
81.3,3.7256
81.4,3.1589
81.5,3.207
81.6,1.9648
81.7,2.7142
81.8,2.9165
81.9,2.563
82,2.2841
82.1,3.3547
82.2,4.0619
82.3,3.5682
82.4,2.6758
82.5,3.7531
82.6,2.3689
82.7,3.4174
82.8,2.6502
82.9,2.9144
83,1.8262
83.1,2.7966
83.2,3.3965
83.3,2.009
83.4,3.2878
83.5,2.9198
83.6,2.1616
83.7,3.3778
83.8,2.5009
83.9,2.4285
84,2.3645
84.1,3.5628
84.2,3.6608
84.3,4.0756
84.4,2.85
84.5,3.0087
84.6,3.6968
84.7,2.6081
84.8,2.3852
84.9,3.3292
85,3.3626
85.1,4.3091
85.2,2.64
85.3,3.5596
85.4,3.619
85.5,4.2448
85.6,3.3762
85.7,2.9997
85.8,4.2104
85.9,3.2571
86,2.5641
86.1,3.7112
86.2,1.7983
86.3,2.7841
86.4,2.2078
86.5,2.915
86.6,3.3388
86.7,2.55
86.8,2.8108
86.9,4.4166
87,3.3985
87.1,2.6383
87.2,2.6377
87.3,2.982
87.4,4.0489
87.5,3.0683
87.6,3.0171
87.7,2.6686
87.8,3.1976
87.9,1.9999
88,3.7388
88.1,3.0599
88.2,2.8819
88.3,2.3824
88.4,3.6936
88.5,3.8876
88.6,2.5517
88.7,3.3895
88.8,2.9372
88.9,2.5602
89,3.4132
89.1,3.5847
89.2,3.3599
89.3,1.2393
89.4,3.3665
89.5,2.8307
89.6,4.0987
89.7,3.2782
89.8,3.146
89.9,3.2366
90,2.1274
90.1,2.9221
90.2,2.6788
90.3,4.0589
90.4,3.9041
90.5,2.5976
90.6,2.745
90.7,3.2245
90.8,4.1825
90.9,2.3846
91,4.6122
91.1,2.6079
91.2,2.9239
91.3,3.7697
91.4,2.2196
91.5,2.0591
91.6,3.9999
91.7,4.1046
91.8,4.1488
91.9,1.4913
92,3.6818
92.1,2.4219
92.2,3.3177
92.3,2.0299
92.4,2.5404
92.5,4.1865
92.6,3.0611
92.7,4.1367
92.8,2.7771
92.9,1.9056
93,1.8216
93.1,4.2225
93.2,4.0885
93.3,3.0988
93.4,3.6226
93.5,2.9498
93.6,2.4928
93.7,4.087
93.8,2.1525
93.9,2.9077
94,3.2549
94.1,3.568
94.2,2.2957
94.3,4.8254
94.4,3.4158
94.5,3.1837
94.6,2.2336
94.7,2.2335
94.8,3.4835
94.9,3.4312
95,3.9387
95.1,2.8011
95.2,2.5672
95.3,2.8712
95.4,3.5677
95.5,2.7241
95.6,2.8489
95.7,2.7063
95.8,3.8615
95.9,3.0341
96,3.2692
96.1,3.6311
96.2,5.7703
96.3,3.2414
96.4,4.2524
96.5,4.7362
96.6,2.8347
96.7,3.7497
96.8,3.8316
96.9,4.3227
97,3.4805
97.1,4.8545
97.2,2.8257
97.3,3.6204
97.4,3.0272
97.5,4.0609
97.6,4.3249
97.7,3.2911
97.8,3.8142
97.9,3.4689
98,3.1506
98.1,4.2532
98.2,3.4433
98.3,5.1731
98.4,4.6331
98.5,2.9598
98.6,4.1777
98.7,2.8853
98.8,4.5038
98.9,2.6712
99,3.5798
99.1,4.4267
99.2,3.3778
99.3,3.6093
99.4,3.7261
99.5,4.9791
99.6,3.6491
99.7,3.7141
99.8,2.9125
99.9,4.1603
100,4.5617
100.1,4.5172
100.2,4.9365
100.3,3.8669
100.4,3.5932
100.5,4.2543
100.6,5.9314
100.7,3.8543
100.8,4.2697
100.9,3.9329
101,4.7398
101.1,4.6133
101.2,3.5323
101.3,4.4918
101.4,4.0435
101.5,4.2658
101.6,3.997
101.7,2.9243
101.8,5.0607
101.9,3.8512
102,3.1835
102.1,1.8001
102.2,3.3019
102.3,2.7007
102.4,4.2987
102.5,4.1279
102.6,4.1027
102.7,3.1182
102.8,4.1679
102.9,4.9861
103,3.4327
103.1,4.553
103.2,3.2914
103.3,4.0551
103.4,4.2825
103.5,2.7289
103.6,5.5157
103.7,4.5887
103.8,3.8284
103.9,5.497
104,4.6622
104.1,4.3078
104.2,4.1117
104.3,4.4078
104.4,2.6647
104.5,3.5387
104.6,4.8149
104.7,3.1382
104.8,3.6936
104.9,4.6328
105,3.4988
105.1,4.2705
105.2,4.7373
105.3,5.5431
105.4,3.7713
105.5,5.4721
105.6,4.5054
105.7,4.2746
105.8,3.2465
105.9,3.8402
106,4.3221
106.1,4.2688
106.2,3.2796
106.3,4.1005
106.4,4.9605
106.5,3.8922
106.6,3.9966
106.7,4.5168
106.8,5.3235
106.9,3.7408
107,3.3971
107.1,3.2678
107.2,4.1814
107.3,4.0464
107.4,5.9174
107.5,2.5127
107.6,4.8604
107.7,4.3538
107.8,5.3225
107.9,5.0736
108,4.1723
108.1,6.3019
108.2,5.1888
108.3,5.0031
108.4,4.3163
108.5,3.114
108.6,4.0755
108.7,2.9126
108.8,5.3618
108.9,4.2626
109,3.7891
109.1,4.1835
109.2,3.6465
109.3,3.1007
109.4,3.2533
109.5,3.9438
109.6,4.0136
109.7,4.7487
109.8,4.5653
109.9,5.7997
110,4.5131
110.1,3.186
110.2,4.0605
110.3,4.3583
110.4,5.1427
110.5,3.4983
110.6,4.2034
110.7,3.9678
110.8,5.3323
110.9,5.5161
111,5.6616
111.1,5.0021
111.2,4.9341
111.3,4.4895
111.4,4.8723
111.5,4.0809
111.6,4.7266
111.7,4.2441
111.8,6.028
111.9,6.4651
112,4.6476
112.1,4.5662
112.2,4.9254
112.3,5.428
112.4,5.5784
112.5,4.2691
112.6,4.3796
112.7,3.9308
112.8,4.9256
112.9,4.2529
113,4.7842
113.1,4.846
113.2,6.5221
113.3,5.861
113.4,4.3478
113.5,5.2982
113.6,5.7573
113.7,4.784
113.8,4.8704
113.9,4.7251
114,5.8879
114.1,5.4001
114.2,5.5163
114.3,5.9616
114.4,4.6769
114.5,5.2144
114.6,3.3791
114.7,6.0982
114.8,5.6898
114.9,5.9409
115,5.1552
115.1,6.0187
115.2,4.4296
115.3,4.7265
115.4,4.7789
115.5,4.3455
115.6,5.0918
115.7,5.8263
115.8,5.1437
115.9,6.405
116,5.8564
116.1,5.506
116.2,5.3951
116.3,4.7765
116.4,6.7238
116.5,5.0849
116.6,5.149
116.7,5.5818
116.8,6.0351
116.9,5.3096
117,4.5915
117.1,6.1555
117.2,6.1674
117.3,5.6146
117.4,5.1972
117.5,5.5982
117.6,5.1888
117.7,6.1162
117.8,5.4282
117.9,5.5197
118,5.768
118.1,5.3371
118.2,4.8292
118.3,6.3153
118.4,5.226
118.5,7.5835
118.6,5.4102
118.7,6.6469
118.8,5.7889
118.9,6.7224
119,6.0436
119.1,5.2473
119.2,5.151
119.3,5.3582
119.4,6.7637
119.5,6.4878
119.6,5.9737
119.7,5.6799
119.8,4.478
119.9,6.8323
120,5.1144
120.1,5.8505
120.2,6.1888
120.3,5.2921
120.4,5.3129
120.5,5.5589
120.6,5.6277
120.7,6.1734
120.8,6.6508
120.9,5.2553
121,4.9016
121.1,6.4903
121.2,5.6386
121.3,6.7756
121.4,6.3784
121.5,5.1374
121.6,7.109
121.7,6.1307
121.8,5.2103
121.9,6.3678
122,6.6265
122.1,7.1854
122.2,6.746
122.3,5.9181
122.4,6.0063
122.5,4.6484
122.6,6.1959
122.7,5.9414
122.8,7.0797
122.9,5.7878
123,5.7732
123.1,6.2694
123.2,5.7399
123.3,5.927
123.4,6.4413
123.5,6.7538
123.6,7.423
123.7,6.2351
123.8,6.7452
123.9,4.7656
124,5.4348
124.1,6.416
124.2,7.2138
124.3,7.4088
124.4,7.0107
124.5,5.8829
124.6,7.28
124.7,5.636
124.8,7.3296
124.9,6.7095
125,5.9326
125.1,7.667
125.2,6.9378
125.3,8.3556
125.4,5.7235
125.5,7.2645
125.6,7.1481
125.7,7.5069
125.8,6.6256
125.9,7.2199
126,5.8477
126.1,7.0593
126.2,6.0987
126.3,6.6186
126.4,6.6411
126.5,6.4739
126.6,6.5231
126.7,7.7064
126.8,6.953
126.9,7.3364
127,7.74
127.1,7.2947
127.2,7.2251
127.3,7.433
127.4,7.3102
127.5,6.1733
127.6,8.2304
127.7,7.6122
127.8,8.6238
127.9,7.8638
128,6.171
128.1,8.0163
128.2,7.7985
128.3,7.7681
128.4,6.4543
128.5,6.745
128.6,8.2699
128.7,7.4838
128.8,7.1939
128.9,7.2007
129,6.2594
129.1,8.5468
129.2,8.354
129.3,7.3586
129.4,9.4828
129.5,7.3449
129.6,6.4643
129.7,6.3235
129.8,6.67
129.9,6.4875
130,7.4366
130.1,7.9129
130.2,8.6955
130.3,8.0605
130.4,7.8922
130.5,8.1773
130.6,8.6873
130.7,7.7204
130.8,9.033
130.9,8.6142
131,7.0476
131.1,8.5066
131.2,7.7743
131.3,8.2049
131.4,7.4615
131.5,8.6198
131.6,10.129
131.7,9.1788
131.8,8.4833
131.9,9.2224
132,8.5974
132.1,8.8076
132.2,7.941
132.3,8.2387
132.4,8.5497
132.5,8.8563
132.6,8.8575
132.7,8.1714
132.8,9.4398
132.9,9.6501
133,9.5524
133.1,9.2812
133.2,9.3364
133.3,9.0596
133.4,8.1334
133.5,9.2044
133.6,8.1784
133.7,9.7371
133.8,10.129
133.9,7.7431
134,9.1833
134.1,8.1663
134.2,9.6623
134.3,8.7977
134.4,7.6465
134.5,8.4541
134.6,9.5348
134.7,9.0674
134.8,9.6666
134.9,9.7366
135,9.1209
135.1,10.734
135.2,8.8975
135.3,9.0908
135.4,8.5823
135.5,9.7544
135.6,9.2517
135.7,9.8363
135.8,7.8733
135.9,9.7308
136,10.162
136.1,9.451
136.2,10.377
136.3,9.3205
136.4,7.9762
136.5,9.5235
136.6,9.5761
136.7,9.4653
136.8,11.23
136.9,9.8146
137,8.4174
137.1,10.145
137.2,9.9659
137.3,11.456
137.4,9.7114
137.5,11.034
137.6,10.308
137.7,10.437
137.8,11.21
137.9,10.424
138,10.616
138.1,10.45
138.2,10.531
138.3,11.316
138.4,9.7088
138.5,9.6729
138.6,9.8918
138.7,12.586
138.8,10.54
138.9,10.637
139,9.5383
139.1,11.366
139.2,10.467
139.3,10.547
139.4,10.74
139.5,10.995
139.6,10.848
139.7,11.324
139.8,10.134
139.9,10.941
140,10.836
140.1,12.427
140.2,11.399
140.3,10.893
140.4,11.48
140.5,10.754
140.6,11.911
140.7,11.929
140.8,12.031
140.9,11.037
141,11.223
141.1,12.012
141.2,11.421
141.3,11.312
141.4,10.62
141.5,12.457
141.6,11.958
141.7,11.622
141.8,12.643
141.9,12.247
142,11.627
142.1,10.815
142.2,12.731
142.3,12.914
142.4,12.19
142.5,12.925
142.6,12.319
142.7,12.423
142.8,12.342
142.9,11.952
143,12.262
143.1,12.852
143.2,11.176
143.3,12.183
143.4,13.667
143.5,12.877
143.6,13.811
143.7,11.45
143.8,11.707
143.9,12.743
144,12.835
144.1,13.809
144.2,13.842
144.3,12.474
144.4,13.414
144.5,13.679
144.6,13.662
144.7,13.161
144.8,14.062
144.9,12.673
145,13.692
145.1,14.761
145.2,12.801
145.3,12.988
145.4,13.682
145.5,13.533
145.6,13.577
145.7,13.399
145.8,13.917
145.9,13.002
146,13.645
146.1,13.772
146.2,13.041
146.3,13.334
146.4,14.619
146.5,15.747
146.6,13.881
146.7,14.637
146.8,14.434
146.9,13.029
147,14.53
147.1,14.063
147.2,15.132
147.3,13.81
147.4,15.443
147.5,15.392
147.6,15.405
147.7,14.275
147.8,15.408
147.9,14.768
148,15.626
148.1,14.55
148.2,15.802
148.3,14.941
148.4,15.786
148.5,13.721
148.6,14.57
148.7,14.713
148.8,15.076
148.9,14.516
149,14.786
149.1,16.657
149.2,15.48
149.3,15.466
149.4,14.752
149.5,15.699
149.6,14.433
149.7,14.973
149.8,15.12
149.9,15.22
150,15.576
150.1,15.552
150.2,15.459
150.3,15.737
150.4,14.785
150.5,16.556
150.6,16.299
150.7,15.729
150.8,16.664
150.9,17.454
151,15.215
151.1,16.143
151.2,16.412
151.3,17.123
151.4,16.149
151.5,17.383
151.6,17.139
151.7,16.385
151.8,16.038
151.9,16.572
152,16.45
152.1,17.087
152.2,16.453
152.3,16.38
152.4,18.063
152.5,18.193
152.6,18.346
152.7,17.341
152.8,17.203
152.9,17.171
153,16.362
153.1,16.588
153.2,16.959
153.3,17.902
153.4,17.145
153.5,17.766
153.6,17.562
153.7,17.232
153.8,18.269
153.9,18.422
154,17.701
154.1,17.234
154.2,17.794
154.3,17.293
154.4,16.08
154.5,16.999
154.6,16.217
154.7,18.662
154.8,17.416
154.9,17.381
155,16.623
155.1,17.935
155.2,18.062
155.3,19.317
155.4,18.205
155.5,18.602
155.6,17.014
155.7,19.038
155.8,17.969
155.9,18.781
156,18.71
156.1,19.314
156.2,18.546
156.3,19.043
156.4,17.556
156.5,19.194
156.6,18.358
156.7,20.526
156.8,19.481
156.9,18.947
157,18.609
157.1,18.33
157.2,18.338
157.3,19.241
157.4,19.559
157.5,18.058
157.6,18.474
157.7,20.128
157.8,21.016
157.9,18.837
158,20.008
158.1,19.244
158.2,19.205
158.3,20.085
158.4,19.463
158.5,20.418
158.6,18.751
158.7,20.957
158.8,20.061
158.9,19.373
159,20.584
159.1,19.826
159.2,19.311
159.3,19.426
159.4,21.389
159.5,19.955
159.6,19.281
159.7,20.45
159.8,18.801
159.9,20.108
160,19.26
160.1,18.626
160.2,20.75
160.3,20.666
160.4,20.626
160.5,20.284
160.6,19.997
160.7,20.567
160.8,21.779
160.9,21.3
161,20.678
161.1,20.236
161.2,20.265
161.3,21.89
161.4,20.496
161.5,21.364
161.6,20.768
161.7,20.537
161.8,20.373
161.9,22.352
162,20.912
162.1,20.179
162.2,20.229
162.3,20.886
162.4,21.203
162.5,21.325
162.6,21.219
162.7,22.103
162.8,21.747
162.9,21.112
163,22.053
163.1,21.055
163.2,21.547
163.3,21.539
163.4,21.673
163.5,20.554
163.6,23.081
163.7,20.967
163.8,22.92
163.9,21.297
164,20.588
164.1,21.585
164.2,21.175
164.3,21.225
164.4,21.318
164.5,22.079
164.6,21.403
164.7,24.571
164.8,22.144
164.9,23.188
165,21.427
165.1,20.974
165.2,21.249
165.3,23.303
165.4,23.323
165.5,20.406
165.6,23.076
165.7,23.306
165.8,22.853
165.9,22.383
166,23.218
166.1,22.247
166.2,22.613
166.3,22.956
166.4,23.5
166.5,22.619
166.6,23.876
166.7,23.733
166.8,23.872
166.9,22.441
167,22.002
167.1,22.908
167.2,23.377
167.3,21.979
167.4,22.778
167.5,22.014
167.6,23.454
167.7,22.274
167.8,21.572
167.9,21.788
168,22.291
168.1,23.489
168.2,23.09
168.3,23.905
168.4,22.93
168.5,23.799
168.6,22.759
168.7,22.855
168.8,22.953
168.9,23.464
169,23.984
169.1,23.07
169.2,23.99
169.3,23.733
169.4,24.936
169.5,23.448
169.6,22.365
169.7,23.129
169.8,22.45
169.9,23.234
170,23.764
170.1,24.291
170.2,22.121
170.3,23.362
170.4,22.013
170.5,23.938
170.6,23.198
170.7,23.786
170.8,23.712
170.9,24.603
171,23.697
171.1,24.164
171.2,24.102
171.3,23.728
171.4,24.722
171.5,24.05
171.6,24.468
171.7,23.798
171.8,25.074
171.9,23.943
172,23.493
172.1,22.8
172.2,24.37
172.3,23.919
172.4,23.35
172.5,23.531
172.6,24.527
172.7,23.998
172.8,24.605
172.9,24.397
173,22.77
173.1,23.921
173.2,25.203
173.3,23.955
173.4,24.229
173.5,24.06
173.6,25.631
173.7,24.935
173.8,24.753
173.9,25.116
174,24.958
174.1,24.487
174.2,24.298
174.3,25.359
174.4,25.502
174.5,24.236
174.6,25.28
174.7,24.755
174.8,25.656
174.9,25.271
175,24.024
175.1,24.581
175.2,23.937
175.3,26.01
175.4,24.355
175.5,25.202
175.6,23.913
175.7,25.036
175.8,23.63
175.9,25.949
176,25.022
176.1,26.838
176.2,22.967
176.3,25.668
176.4,25.614
176.5,24.519
176.6,24.925
176.7,26.127
176.8,24.13
176.9,24.869
177,25.469
177.1,25.017
177.2,25.39
177.3,25.171
177.4,24.72
177.5,25.519
177.6,26.071
177.7,23.892
177.8,23.782
177.9,25.589
178,26.139
178.1,25.754
178.2,24.882
178.3,24.938
178.4,25.386
178.5,25.21
178.6,25.969
178.7,25.82
178.8,24.151
178.9,25.381
179,25.949
179.1,26.679
179.2,24.732
179.3,24.946
179.4,25.74
179.5,25.955
179.6,25.881
179.7,26.958
179.8,24.176
179.9,25.408
180,26.156
180.1,26.285
180.2,24.419
180.3,25.886
180.4,24.86
180.5,25.297
180.6,25.123
180.7,25.095
180.8,26.232
180.9,25.911
181,26.665
181.1,26.17
181.2,25.219
181.3,25.663
181.4,25.896
181.5,26.569
181.6,24.992
181.7,26.133
181.8,24.793
181.9,25.39
182,25.99
182.1,26.356
182.2,27.534
182.3,25.559
182.4,26.094
182.5,25.545
182.6,25.995
182.7,25.599
182.8,26.994
182.9,26.527
183,25.963
183.1,26.131
183.2,27.013
183.3,26.321
183.4,25.488
183.5,25.564
183.6,25.421
183.7,26.079
183.8,25.253
183.9,26.379
184,25.6
184.1,26.519
184.2,27.501
184.3,26.282
184.4,24.887
184.5,26.967
184.6,26.778
184.7,25.618
184.8,25.95
184.9,26.991
185,25.19
185.1,27.312
185.2,26.536
185.3,26.191
185.4,26.622
185.5,27.117
185.6,25.573
185.7,25.959
185.8,25.162
185.9,26.208
186,26.404
186.1,25.862
186.2,27.267
186.3,26.054
186.4,26.956
186.5,27.453
186.6,25.344
186.7,27.404
186.8,27.047
186.9,25.462
187,25.988
187.1,26.433
187.2,27.161
187.3,26.762
187.4,26.74
187.5,26.17
187.6,27.622
187.7,25.833
187.8,27.793
187.9,26.303
188,27.922
188.1,27.038
188.2,26.295
188.3,26.485
188.4,27.117
188.5,26.468
188.6,25.3
188.7,26.339
188.8,26.96
188.9,26.607
189,26.868
189.1,25.76
189.2,26.845
189.3,26.082
189.4,26.267
189.5,26.929
189.6,26.836
189.7,26.228
189.8,27.237
189.9,26.873
190,26.167
190.1,27.343
190.2,25.572
190.3,26.83
190.4,26.631
190.5,27.302
190.6,28.343
190.7,27.7
190.8,26.59
190.9,26.092
191,26.222
191.1,26.299
191.2,26.607
191.3,28.44
191.4,27.911
191.5,28.113
191.6,27.826
191.7,26.561
191.8,27.552
191.9,27.75
192,26.462
192.1,27.203
192.2,26.972
192.3,25.44
192.4,26.82
192.5,27.196
192.6,27.145
192.7,27.847
192.8,26.199
192.9,26.384
193,25.952
193.1,26.499
193.2,26.684
193.3,28.235
193.4,26.629
193.5,28.19
193.6,27.791
193.7,27.057
193.8,26.168
193.9,27.888
194,27.045
194.1,26.021
194.2,27.287
194.3,27.221
194.4,26.63
194.5,26.182
194.6,26.709
194.7,28.474
194.8,27.67
194.9,27.271
195,27.805
195.1,27.191
195.2,26.9
195.3,26.86
195.4,27.016
195.5,25.99
195.6,27.231
195.7,27.813
195.8,28.515
195.9,28.837
196,27.306
196.1,26.821
196.2,27.071
196.3,27.924
196.4,26.222
196.5,26.691
196.6,27.438
196.7,27.366
196.8,27.577
196.9,27.126
197,26.346
197.1,27.581
197.2,27.653
197.3,27.455
197.4,28.16
197.5,28.19
197.6,28.154
197.7,27.522
197.8,27.413
197.9,26.872
198,27.136
198.1,27.91
198.2,26.625
198.3,27.712
198.4,27.385
198.5,27.7
198.6,27.953
198.7,26.289
198.8,27.389
198.9,27.343
199,27.495
199.1,28.296
199.2,28.034
199.3,26.96
199.4,27.613
199.5,27.104
199.6,27.466
199.7,28.166
199.8,27.904
199.9,26.836
200,26.078
200.1,28.161
200.2,27.601
200.3,29.176
200.4,26.206
200.5,27.732
200.6,26.72
200.7,27.441
200.8,28.246
200.9,28.192
201,28.743
201.1,27.568
201.2,27.699
201.3,28.214
201.4,28.706
201.5,28.34
201.6,29.175
201.7,27.081
201.8,27.94
201.9,28.592
202,28.803
202.1,28.656
202.2,27.335
202.3,26.944
202.4,28.025
202.5,27.754
202.6,27.837
202.7,27.248
202.8,29.028
202.9,27.991
203,28.149
203.1,27.041
203.2,27.349
203.3,28.316
203.4,27.901
203.5,29.159
203.6,27.545
203.7,27.151
203.8,27.109
203.9,27.521
204,27.314
204.1,27.551
204.2,26.908
204.3,29.218
204.4,27.914
204.5,27.001
204.6,27.081
204.7,28.225
204.8,28.418
204.9,27.703
205,29.376
205.1,28.317
205.2,28.207
205.3,28.342
205.4,28.9
205.5,27.298
205.6,27.983
205.7,28.338
205.8,28.912
205.9,27.234
206,28.751
206.1,26.227
206.2,28.062
206.3,27.591
206.4,27.286
206.5,28.319
206.6,27.444
206.7,28.504
206.8,29.3
206.9,29.276
207,28.62
207.1,28.242
207.2,27.94
207.3,28.672
207.4,27.248
207.5,28.148
207.6,28.91
207.7,28.458
207.8,28.243
207.9,27.673
208,27.509
208.1,29.384
208.2,27.702
208.3,28.565
208.4,28.048
208.5,27.476
208.6,29.604
208.7,27.283
208.8,28.222
208.9,28.656
209,26.983
209.1,28.905
209.2,26.754
209.3,27.907
209.4,27.517
209.5,28.827
209.6,27.346
209.7,26.64
209.8,27.865
209.9,29.348
210,27.273
210.1,26.788
210.2,28.639
210.3,28.501
210.4,27.657
210.5,27.367
210.6,28.611
210.7,27.834
210.8,28.027
210.9,28.754
211,28.439
211.1,27.768
211.2,27.216
211.3,28.515
211.4,27.464
211.5,28.282
211.6,28.798
211.7,29.142
211.8,27.058
211.9,27.953
212,27.876
212.1,28.782
212.2,27.445
212.3,27.749
212.4,29.111
212.5,28.64
212.6,27.976
212.7,28.588
212.8,28.119
212.9,28.014
213,28.635
213.1,28.78
213.2,29.11
213.3,27.525
213.4,27.351
213.5,27.977
213.6,28.641
213.7,29.506
213.8,28.034
213.9,28.546
214,28.827
214.1,28.666
214.2,29.258
214.3,29.364
214.4,29.534
214.5,28.166
214.6,27.963
214.7,27.649
214.8,30.906
214.9,28.605
215,29.238
215.1,27.146
215.2,27.763
215.3,28.674
215.4,28.614
215.5,28.924
215.6,28.215
215.7,29.375
215.8,27.291
215.9,29.096
216,28.538
216.1,28.193
216.2,27.814
216.3,29.815
216.4,28.934
216.5,27.993
216.6,28.227
216.7,26.804
216.8,27.316
216.9,28.612
217,27.86
217.1,29.679
217.2,28.598
217.3,29.809
217.4,28.532
217.5,27.772
217.6,28.621
217.7,28.149
217.8,28.124
217.9,28.27
218,28.487
218.1,28.704
218.2,27.669
218.3,28.195
218.4,28.912
218.5,29.895
218.6,28.42
218.7,29.282
218.8,29.449
218.9,28.17
219,27.921
219.1,28.923
219.2,29.13
219.3,28.417
219.4,28.635
219.5,28.769
219.6,27.997
219.7,28.621
219.8,28.354
219.9,27.052
220,28.435
220.1,28.505
220.2,29.211
220.3,28.787
220.4,28.948
220.5,28.405
220.6,29
220.7,28.633
220.8,29.272
220.9,27.924
221,28.754
221.1,28.882
221.2,30.269
221.3,29.762
221.4,28.434
221.5,29.366
221.6,28.749
221.7,28.15
221.8,28.864
221.9,27.737
222,29.002
222.1,27.944
222.2,28.994
222.3,28.372
222.4,29.004
222.5,29.462
222.6,29.293
222.7,28.665
222.8,28.946
222.9,29.1
223,28.25
223.1,29.544
223.2,27.021
223.3,29.164
223.4,28.336
223.5,28.878
223.6,29.165
223.7,27.426
223.8,28.02
223.9,28.844
224,29.465
224.1,29.396
224.2,28.173
224.3,29.242
224.4,29.129
224.5,28.935
224.6,29.213
224.7,28.407
224.8,28.512
224.9,27.964
225,28.328
225.1,28.252
225.2,28.45
225.3,28.842
225.4,30.13
225.5,28.49
225.6,28.669
225.7,29.239
225.8,29.381
225.9,28.607
226,29.404
226.1,28.798
226.2,27.955
226.3,29.526
226.4,27.447
226.5,28.395
226.6,29.353
226.7,27.658
226.8,29.244
226.9,29.889
227,28.606
227.1,28.012
227.2,28.101
227.3,28.893
227.4,29.302
227.5,29.106
227.6,28.625
227.7,28.259
227.8,29.468
227.9,29.691
228,28.233
228.1,29.261
228.2,28.983
228.3,27.9
228.4,28.957
228.5,28.989
228.6,29.73
228.7,27.833
228.8,28.706
228.9,29.001
229,29.292
229.1,29.238
229.2,29.369
229.3,29.535
229.4,28.97
229.5,28.749
229.6,29.827
229.7,30.029
229.8,28.993
229.9,29.547
230,29.919
230.1,28.152
230.2,29.647
230.3,29.739
230.4,29.451
230.5,30.035
230.6,29.341
230.7,29.741
230.8,28.624
230.9,28.681
231,28.737
231.1,28
231.2,28.385
231.3,30.492
231.4,29.34
231.5,27.972
231.6,28.986
231.7,30.067
231.8,28.316
231.9,29.116
232,28.875
232.1,28.292
232.2,28.915
232.3,30.786
232.4,30.048
232.5,29.264
232.6,28.043
232.7,28.812
232.8,29.223
232.9,29.292
233,28.906
233.1,29.595
233.2,29.145
233.3,28.559
233.4,28.904
233.5,29.078
233.6,29.871
233.7,29.015
233.8,28.215
233.9,28.318
234,31.126
234.1,29.517
234.2,28.952
234.3,27.882
234.4,28.701
234.5,28.784
234.6,28.715
234.7,28.578
234.8,29.136
234.9,29.769
235,29.043
235.1,30.102
235.2,28.02
235.3,30.879
235.4,28.228
235.5,28.633
235.6,29.496
235.7,28.642
235.8,27.185
235.9,28.711
236,28.188
236.1,28.024
236.2,29.714
236.3,28.985
236.4,29.61
236.5,28.956
236.6,29.427
236.7,29.672
236.8,29.736
236.9,28.349
237,29.185
237.1,28.163
237.2,28.674
237.3,29.458
237.4,27.565
237.5,28.698
237.6,29.285
237.7,29.753
237.8,29.444
237.9,28.877
238,28.931
238.1,28.632
238.2,29.882
238.3,27.864
238.4,27.921
238.5,28.978
238.6,28.35
238.7,28.913
238.8,30.369
238.9,28.865
239,29.309
239.1,28.99
239.2,27.839
239.3,29.268
239.4,29.494
239.5,30.013
239.6,29.73
239.7,29.654
239.8,29.896
239.9,29.397
240,29.106
240.1,29.382
240.2,28.395
240.3,29.999
240.4,28.786
240.5,29.399
240.6,28.76
240.7,29.217
240.8,28.899
240.9,29.938
241,29.273
241.1,30.014
241.2,29.987
241.3,29.408
241.4,29.805
241.5,28.977
241.6,29.021
241.7,29.732
241.8,29.17
241.9,30.098
242,28.144
242.1,28.248
242.2,29.51
242.3,28.967
242.4,30.146
242.5,29.281
242.6,30.791
242.7,29.212
242.8,29.412
242.9,29.85
243,29.463
243.1,29.314
243.2,31.325
243.3,30.105
243.4,28.969
243.5,30.21
243.6,28.881
243.7,30.215
243.8,29.026
243.9,27.986
244,29.026
244.1,30.312
244.2,28.891
244.3,28.485
244.4,30.074
244.5,28.656
244.6,29.876
244.7,28.38
244.8,29.608
244.9,29.903
245,28.58
245.1,29.603
245.2,29.036
245.3,29.248
245.4,29.812
245.5,29.558
245.6,28.771
245.7,29.523
245.8,29.36
245.9,29.545
246,29.423
246.1,29.674
246.2,28.196
246.3,28.987
246.4,30.177
246.5,29.078
246.6,28.809
246.7,29.325
246.8,29.31
246.9,29.138
247,29.059
247.1,28.594
247.2,27.938
247.3,28.695
247.4,28.745
247.5,29.002
247.6,30.454
247.7,29.724
247.8,29.349
247.9,28.757
248,28.636
248.1,29.33
248.2,29.967
248.3,27.898
248.4,29.562
248.5,28.331
248.6,28.846
248.7,27.88
248.8,29.769
248.9,29.727
249,29.92
249.1,29.107
249.2,30.179
249.3,28.382
249.4,28.805
249.5,29.177
249.6,29.361
249.7,29.459
249.8,29.731
249.9,29.85
250,29.378
250.1,29.447
250.2,30.691
250.3,28.782
250.4,29.277
250.5,29.592
250.6,29.381
250.7,30.425
250.8,29.112
250.9,29.111
251,28.794
251.1,30.305
251.2,29.654
251.3,29.494
251.4,30.357
251.5,29.389
251.6,28.592
251.7,29.588
251.8,29.341
251.9,28.489
252,29.596
252.1,29.303
252.2,28.921
252.3,29.348
252.4,29.607
252.5,30.305
252.6,29.876
252.7,30.183
252.8,29.251
252.9,29.165
253,29.62
253.1,30.949
253.2,28.713
253.3,28.904
253.4,29.415
253.5,29.197
253.6,29.24
253.7,29.828
253.8,29.856
253.9,29.294
254,29.533
254.1,28.589
254.2,29.654
254.3,29.299
254.4,29.051
254.5,30.715
254.6,30.659
254.7,28.887
254.8,28.632
254.9,28.581
255,29.044
255.1,28.519
255.2,30.18
255.3,31.186
255.4,29.71
255.5,29.28
255.6,30.629
255.7,29.768
255.8,28.905
255.9,29.378
256,29.686
256.1,29.899
256.2,29.857
256.3,30.653
256.4,29.519
256.5,29.879
256.6,30.266
256.7,29.749
256.8,28.097
256.9,28.414
257,30.581
257.1,30.575
257.2,29.756
257.3,29.045
257.4,28.092
257.5,29.366
257.6,28.671
257.7,29.9
257.8,28.744
257.9,29.661
258,29.816
258.1,29.308
258.2,29.071
258.3,29.144
258.4,29.242
258.5,29.628
258.6,29.566
258.7,28.833
258.8,29.87
258.9,28.974
259,28.873
259.1,28.36
259.2,28.435
259.3,29.219
259.4,29.923
259.5,30.162
259.6,29.262
259.7,30.315
259.8,29.452
259.9,30.593
260,29.487
260.1,30.386
260.2,30.057
260.3,30.212
260.4,29.743
260.5,29.61
260.6,29.31
260.7,29.625
260.8,31.822
260.9,28.071
261,29.013
261.1,30.033
261.2,30.019
261.3,29.354
261.4,30.626
261.5,30.157
261.6,30.214
261.7,30.596
261.8,29.072
261.9,29.893
262,29.322
262.1,29.676
262.2,30.009
262.3,29.257
262.4,29.431
262.5,30.119
262.6,29.755
262.7,28.774
262.8,30.085
262.9,29.564
263,28.85
263.1,29.865
263.2,31.305
263.3,30.362
263.4,28.734
263.5,29.11
263.6,29.734
263.7,29.241
263.8,30.509
263.9,30.036
264,30.954
264.1,29.795
264.2,30.192
264.3,29.496
264.4,28.893
264.5,28.935
264.6,29.631
264.7,28.159
264.8,29.598
264.9,29.542
265,29.358
265.1,29.213
265.2,29.443
265.3,28.83
265.4,29.265
265.5,29.745
265.6,29.39
265.7,30.309
265.8,30.494
265.9,29.326
266,29.326
266.1,30.091
266.2,27.984
266.3,30.019
266.4,28.907
266.5,29.938
266.6,30.141
266.7,30.028
266.8,29.324
266.9,29.937
267,28.341
267.1,30.81
267.2,28.569
267.3,29.919
267.4,29.056
267.5,28.521
267.6,30.158
267.7,29.476
267.8,28.899
267.9,28.796
268,29.396
268.1,31.073
268.2,29.638
268.3,30.165
268.4,29.31
268.5,28.731
268.6,29.733
268.7,30.784
268.8,29.062
268.9,29.415
269,30.139
269.1,30.592
269.2,30.473
269.3,28.523
269.4,30.176
269.5,29.75
269.6,29.959
269.7,29.767
269.8,28.893
269.9,30.263
270,29.48
270.1,29.486
270.2,30.283
270.3,29.93
270.4,28.743
270.5,29.936
270.6,28.925
270.7,29.387
270.8,29.199
270.9,30.116
271,29.961
271.1,30.851
271.2,29.778
271.3,30.314
271.4,29.635
271.5,30.571
271.6,30.229
271.7,30.005
271.8,29.328
271.9,30.721
272,29.509
272.1,29.489
272.2,29.462
272.3,29.66
272.4,28.657
272.5,30.408
272.6,28.794
272.7,29.46
272.8,30.639
272.9,31.104
273,29.74
273.1,29.8
273.2,30.036
273.3,29.57
273.4,30.628
273.5,30.575
273.6,30.471
273.7,29.671
273.8,29.564
273.9,29.212
274,29.663
274.1,29.428
274.2,29.998
274.3,30.267
274.4,30.935
274.5,29.438
274.6,29.827
274.7,29.563
274.8,31.492
274.9,30.475
275,29.758
275.1,30.546
275.2,29.791
275.3,29.419
275.4,30.233
275.5,29.315
275.6,29.846
275.7,28.762
275.8,29.886
275.9,28.718
276,29.414
276.1,31.405
276.2,30.383
276.3,28.774
276.4,28.84
276.5,29.728
276.6,30.242
276.7,28.994
276.8,31.272
276.9,30.842
277,29.714
277.1,30.855
277.2,30.26
277.3,29.699
277.4,29.242
277.5,30.421
277.6,28.782
277.7,28.721
277.8,29.569
277.9,30.188
278,29.953
278.1,30.446
278.2,29.314
278.3,29.501
278.4,29.032
278.5,29.531
278.6,28.801
278.7,30.628
278.8,29.935
278.9,29.942
279,29.721
279.1,30.052
279.2,29.763
279.3,28.673
279.4,29.461
279.5,29.4
279.6,29.867
279.7,30.065
279.8,30.544
279.9,29.665
280,30.311
280.1,30.281
280.2,30.882
280.3,29.175
280.4,28.91
280.5,29.316
280.6,29.096
280.7,31.114
280.8,30.119
280.9,30.352
281,29.532
281.1,30.042
281.2,29.631
281.3,30.78
281.4,29.077
281.5,29.633
281.6,29.124
281.7,30.393
281.8,30.048
281.9,29.824
282,29.441
282.1,29.818
282.2,30.215
282.3,30.867
282.4,29.306
282.5,30.541
282.6,30.351
282.7,30.119
282.8,28.398
282.9,30.321
283,29.983
283.1,29.058
283.2,30.484
283.3,28.382
283.4,30.06
283.5,28.899
283.6,30.05
283.7,30.141
283.8,29.191
283.9,30.176
284,30.146
284.1,29.661
284.2,30.426
284.3,29.484
284.4,30.278
284.5,29.772
284.6,30.158
284.7,29.763
284.8,30.413
284.9,29.98
285,30.251
285.1,30.526
285.2,30.184
285.3,31.239
285.4,30.391
285.5,28.144
285.6,30.903
285.7,29.989
285.8,29.381
285.9,29.435
286,29.011
286.1,29.697
286.2,29.424
286.3,29.78
286.4,29.833
286.5,29.096
286.6,29.525
286.7,30.375
286.8,30.281
286.9,30.291
287,30.03
287.1,30.081
287.2,30.37
287.3,28.768
287.4,30.228
287.5,30.492
287.6,31.288
287.7,29.257
287.8,30.455
287.9,30.622
288,29.891
288.1,29.526
288.2,28.838
288.3,30.061
288.4,29.605
288.5,30.597
288.6,30.339
288.7,29.146
288.8,30.249
288.9,29.724
289,29.395
289.1,29.173
289.2,29.983
289.3,29.723
289.4,29.714
289.5,30.554
289.6,28.793
289.7,29.033
289.8,29.313
289.9,30.349
290,30.09
290.1,29.326
290.2,29.487
290.3,31
290.4,30.004
290.5,30.352
290.6,28.541
290.7,29.814
290.8,29.853
290.9,29.522
291,30.256
291.1,30.697
291.2,29.917
291.3,29.549
291.4,29.587
291.5,30.636
291.6,29.254
291.7,29.946
291.8,30.394
291.9,29.909
292,29.005
292.1,30.233
292.2,29.92
292.3,29.69
292.4,31.152
292.5,28.935
292.6,29.298
292.7,28.741
292.8,30.702
292.9,29.785
293,30.046
293.1,30.02
293.2,30.97
293.3,30.167
293.4,29.269
293.5,27.867
293.6,30.089
293.7,30.246
293.8,30.002
293.9,30.287
294,30.443
294.1,30.128
294.2,30.169
294.3,30.27
294.4,30.726
294.5,30.116
294.6,30.403
294.7,30.342
294.8,28.934
294.9,29.091
295,30.048
295.1,29.961
295.2,30.007
295.3,29.968
295.4,29.845
295.5,30.74
295.6,30.715
295.7,30.943
295.8,30.267
295.9,30.177
296,29.977
296.1,30.305
296.2,30.623
296.3,29.202
296.4,29.255
296.5,30.354
296.6,30.646
296.7,30.125
296.8,29.985
296.9,30.275
297,30.385
297.1,29.939
297.2,29.941
297.3,30.567
297.4,30.363
297.5,30.738
297.6,30.914
297.7,30.005
297.8,29.978
297.9,29.469
298,30.651
298.1,31.164
298.2,30.472
298.3,30.914
298.4,29.804
298.5,30.015
298.6,29.042
298.7,30.755
298.8,29.831
298.9,29.617
299,29.88
299.1,29.923
299.2,29.578
299.3,31.223
299.4,30.335
299.5,29.746
299.6,30.004
299.7,29.549
299.8,29.842
299.9,28.97
